male,5,11,39.808917197
female,9,12,32.497400234
female,8,13,30.862170858
male,8,12,28.30856334
male,9,12,27.454425653
male,9,14,25.076734039
male,6,11,24.880573248
male,9,15,22.911836136
male,9,14,22.123968204
male,8,11,22.11606511
male,5,15,22.11606511
male,11,10,21.873031427
male,9,15,21.435570799
female,9,9,21.231422505
female,9,14,20.99811017
male,8,13,20.845396642
male,5,12,20.614742184
male,8,14,20.414829332
male,3,12,18.939639628
male,6,13,18.702175865
female,6,10,18.515775441
male,6,11,18.473419092
male,5,13,18.462291147
male,8,9,18.373346399
male,12,11,18.373346399
male,11,12,17.692852088
male,10,13,17.31868301
male,5,12,17.233469821
female,6,14,16.971826768
male,8,12,16.854050941
male,6,15,16.798488136
female,9,12,16.780989711
male,10,14,16.65645071
female,4,12,16.472655392
male,9,15,16.331863466
male,10,12,16.229789319
female,9,13,16.003584803
male,9,15,15.938603297
male,9,12,15.923566879
male,7,12,15.923566879
male,6,13,15.923566879
female,7,11,15.923566879
male,9,15,15.716767309
male,9,13,15.311121999
male,9,12,15.311121999
male,9,12,15.311121999
male,7,11,15.311121999
female,9,15,15.311121999
female,9,14,15.311121999
female,10,12,15.311121999
female,10,14,15.127388535
male,8,15,15.004899559
male,6,13,14.698677119
female,8,14,14.698677119
female,7,15,14.649095565
male,5,11,14.623683868
male,9,15,14.618356479
male,8,12,14.392454679
male,5,14,14.382576536
male,11,13,14.345555747
male,8,15,14.336330309
male,9,14,14.297568853
male,7,14,14.290380532
male,9,15,14.147476727
female,8,15,14.102051849
female,7,10,14.091652105
female,7,14,13.998740113
male,9,12,13.859400802
male,7,14,13.846579895
male,8,14,13.800424628
male,9,15,13.780009799
male,9,13,13.780009799
male,8,13,13.780009799
male,7,12,13.771733517
male,9,13,13.609886221
male,5,14,13.609886221
male,5,12,13.525809704
male,9,15,13.491889178
male,6,12,13.480268257
male,9,12,13.473787359
male,7,11,13.469397073
male,7,11,13.381920627
male,9,14,13.221963716
female,9,12,13.178124314
male,9,13,13.167564919
male,9,12,13.167564919
male,12,12,13.167564919
male,11,12,13.159972627
female,8,12,13.087863188
male,8,14,13.081822636
male,7,13,12.950775281
female,7,15,12.948834605
male,10,12,12.926880861
female,7,14,12.861342479
female,10,13,12.861342479
male,9,12,12.853238294
male,10,13,12.827317764
female,8,12,12.786804018
male,8,13,12.744686312
male,4,16,12.738853503
female,8,15,12.669745799
male,8,15,12.555120039
female,6,14,12.552361278
female,7,12,12.535891451
male,11,12,12.489072062
male,8,15,12.397910952
female,8,15,12.395985811
male,6,12,12.384996461
male,11,11,12.35858922
male,8,12,12.356393698
male,11,11,12.327922745
female,11,12,12.312036247
male,9,14,12.310142087
male,9,12,12.283894449
female,8,14,12.283894449
male,9,12,12.248897599
male,7,15,12.248897599
male,4,14,12.248897599
male,4,11,12.248897599
female,9,13,12.248897599
female,6,12,12.248897599
female,11,13,12.248897599
male,7,13,12.243291696
male,8,15,12.204889584
female,11,10,12.17684526
male,9,12,12.169229973
male,10,11,12.151529574
female,6,14,12.132241432
male,9,15,12.119961835
female,6,11,12.095786379
male,7,15,12.086732141
male,10,12,12.065433935
male,7,14,12.003919647
male,9,14,11.996229756
female,7,11,11.980795873
male,9,12,11.942675159
male,10,12,11.903909922
male,5,12,11.889596603
male,2,11,11.811436971
male,5,11,11.795234725
male,11,12,11.785314427
female,9,14,11.777786153
male,11,12,11.769592911
male,10,12,11.758941695
male,5,15,11.745042237
male,5,11,11.722871322
male,10,14,11.715960067
male,6,14,11.660950514
male,7,11,11.651390399
male,9,14,11.636452719
male,9,13,11.636452719
male,9,12,11.636452719
male,9,12,11.636452719
male,4,10,11.636452719
male,10,12,11.636452719
female,7,14,11.636452719
female,6,13,11.636452719
male,6,11,11.595623061
male,8,14,11.557427573
male,6,12,11.548960594
male,10,12,11.45580351
female,8,14,11.452719255
female,8,13,11.373976342
male,9,14,11.352636799
male,6,14,11.330230279
male,6,14,11.330230279
male,6,11,11.330230279
female,10,14,11.330230279
female,7,11,11.306674707
male,6,11,11.268985791
male,7,15,11.266674679
male,9,11,11.263354114
male,6,11,11.231422505
male,10,12,11.222323324
female,4,12,11.207202495
male,10,10,11.200781702
male,10,12,11.198992091
male,9,13,11.186207853
female,8,15,11.18476047
male,5,12,11.163177425
female,8,12,11.15418936
male,11,13,11.146496815
male,10,10,11.126340402
male,6,13,11.092493885
female,4,14,11.091041607
male,9,12,11.082335923
male,3,13,11.072174449
male,8,11,11.071436231
male,9,14,11.024007839
male,8,13,11.024007839
male,10,12,11.024007839
female,9,14,11.024007839
male,7,12,11.022862012
female,7,12,11.008885743
female,9,12,11.005994755
male,7,13,10.991488642
female,8,13,10.978937464
male,6,13,10.973544216
female,9,10,10.972970766
male,7,12,10.96849924
male,9,7,10.947452229
female,7,13,10.942348522
female,8,12,10.924692453
female,10,13,10.899087528
male,9,14,10.887908977
male,7,10,10.846944567
female,9,10,10.84157745
male,7,14,10.810639946
male,6,11,10.795638562
female,9,14,10.795638562
female,9,14,10.795638562
female,5,11,10.781212319
female,7,12,10.770968456
male,11,12,10.748407643
female,9,11,10.734988907
male,9,12,10.717785399
male,9,12,10.717785399
male,9,12,10.717785399
male,8,13,10.717785399
male,8,11,10.707113441
male,9,11,10.702017848
male,9,10,10.698497243
male,8,14,10.634977516
male,6,14,10.615711253
male,10,14,10.615711253
female,9,12,10.615711253
male,9,11,10.593641167
female,4,11,10.565399825
male,8,14,10.564674179
male,4,11,10.564674179
male,12,12,10.564674179
female,7,15,10.557060914
male,8,13,10.555394711
male,8,12,10.499055085
male,9,12,10.494250026
male,6,10,10.474168436
female,8,14,10.464058235
male,8,11,10.441683199
male,6,13,10.436794771
male,10,11,10.432681748
male,10,10,10.425660156
female,9,14,10.419403648
male,9,13,10.411562959
male,9,12,10.411562959
male,9,11,10.411562959
male,8,15,10.411562959
male,6,11,10.411562959
male,5,11,10.411562959
male,14,8,10.411562959
female,8,15,10.411562959
female,7,12,10.411562959
female,6,15,10.411562959
male,9,14,10.3948213
female,7,11,10.393004024
male,9,13,10.384934921
male,10,13,10.317978539
female,7,15,10.313190984
female,7,14,10.311001022
female,9,12,10.294023033
male,9,14,10.291712884
male,7,14,10.264990736
male,8,13,10.227234889
male,11,12,10.207414666
male,8,12,10.198499893
male,11,10,10.184616379
female,7,11,10.183676492
male,9,11,10.176007236
male,8,14,10.17074132
male,6,11,10.166585007
male,10,12,10.166585007
female,10,12,10.148102603
male,7,9,10.133178923
female,6,16,10.128063739
male,7,13,10.110201193
male,10,12,10.110201193
male,9,14,10.105340519
male,7,14,10.105340519
male,7,14,10.105340519
male,11,12,10.105340519
male,10,11,10.105340519
female,8,11,10.105340519
female,6,11,10.105340519
female,7,12,10.100770035
male,8,14,10.071315804
male,6,8,10.070239923
male,10,12,10.068145448
male,7,13,10.050838544
female,9,13,10.047012436
male,7,12,10.044974089
male,10,12,10.044096031
male,4,11,9.9714050784
male,10,12,9.9700329296
male,7,15,9.969781732
male,11,12,9.9604204346
male,8,12,9.9522292994
male,7,11,9.9522292994
male,8,13,9.9334160115
female,4,11,9.9263793531
female,6,11,9.9146737171
male,7,13,9.9105112511
male,10,10,9.910291218
female,7,11,9.9079971691
male,5,12,9.9029956562
male,4,12,9.8896829415
female,4,14,9.8598726115
male,5,10,9.8436595252
female,9,11,9.8369525121
female,10,14,9.8344211296
male,11,12,9.8207020399
male,8,14,9.8036885636
male,9,14,9.7991180794
male,9,14,9.7991180794
male,9,13,9.7991180794
male,9,13,9.7991180794
male,9,11,9.7991180794
male,8,15,9.7991180794
male,8,13,9.7991180794
male,8,12,9.7991180794
male,7,13,9.7991180794
male,5,13,9.7991180794
male,11,12,9.7991180794
male,10,13,9.7991180794
male,10,12,9.7991180794
female,6,13,9.7991180794
female,10,12,9.7991180794
female,8,15,9.786358811
male,10,12,9.7644513881
male,5,13,9.7640675804
male,7,13,9.7531847134
male,9,12,9.7494603864
male,11,12,9.749122579
female,6,14,9.7378735914
male,9,15,9.7338418226
male,6,12,9.7292669322
male,9,15,9.7206054965
male,8,12,9.6926059263
female,8,12,9.6832501291
female,8,14,9.6708573715
male,8,15,9.6641629051
male,5,13,9.6630192172
male,8,11,9.6460068594
male,8,12,9.6379483741
male,10,10,9.6344270192
male,6,10,9.6282032292
female,10,13,9.624133828
female,8,12,9.6096961834
female,8,12,9.5983722576
male,8,12,9.5925101681
female,11,13,9.5903300521
male,11,13,9.5823234316
male,8,12,9.5694512494
female,9,12,9.5678084251
female,5,11,9.5601151994
male,6,12,9.5466817822
male,6,12,9.5137068732
male,5,12,9.5066070919
male,11,12,9.5066070919
male,3,11,9.4928956394
male,12,8,9.4928956394
male,6,11,9.4783136184
female,3,13,9.4783136184
female,9,12,9.4773409849
male,3,11,9.4580814873
female,9,11,9.45285949
male,10,13,9.4472371803
female,4,16,9.4361877801
female,6,12,9.4222289225
male,9,11,9.4054035137
female,10,12,9.3927030438
male,9,11,9.3805990451
male,11,11,9.3755580689
female,7,16,9.3668040465
male,8,11,9.3539080335
male,9,15,9.3525759897
female,9,12,9.3302149682
female,7,14,9.3276123977
female,8,14,9.3178656763
male,5,12,9.3120274146
male,5,11,9.2993630573
female,8,14,9.2758642013
female,9,14,9.2741653251
male,12,12,9.2547226305
male,8,14,9.2310532632
male,6,12,9.2310532632
male,9,13,9.2162123415
male,7,14,9.2119808391
female,9,11,9.2007477699
female,13,10,9.1993096137
female,7,11,9.1947105338
male,9,13,9.1866731994
male,9,12,9.1866731994
male,9,12,9.1866731994
male,9,10,9.1866731994
male,8,15,9.1866731994
male,8,12,9.1866731994
male,8,12,9.1866731994
male,8,12,9.1866731994
male,7,11,9.1866731994
male,5,12,9.1866731994
male,12,12,9.1866731994
male,11,12,9.1866731994
male,10,11,9.1866731994
female,8,11,9.1866731994
female,7,14,9.1866731994
female,7,13,9.1866731994
female,5,14,9.1866731994
female,10,13,9.1866731994
male,7,12,9.164642808
male,6,10,9.1281593574
female,6,12,9.1101856388
male,7,13,9.0991810737
male,3,8,9.0991810737
male,18,4,9.0991810737
female,7,13,9.0723661982
male,9,13,9.0641842234
male,10,12,9.0641842234
female,5,15,9.0641842234
male,11,12,9.0474811812
male,8,12,9.0346478746
male,6,14,9.0335619794
female,8,14,9.0335619794
male,9,13,9.0239812301
female,8,15,9.0165496216
female,11,11,9.0133397428
male,9,12,8.9825249061
male,8,16,8.9825249061
female,9,15,8.9825249061
female,6,13,8.9623180881
female,9,14,8.9570063694
male,11,12,8.9530094902
male,8,15,8.9458240893
male,8,13,8.9419598025
male,8,14,8.9350675874
female,10,13,8.9327326394
female,10,12,8.9303302909
male,8,12,8.9214233896
female,5,14,8.9171974522
female,10,12,8.9171974522
male,9,12,8.9082891631
male,4,10,8.9082891631
male,10,11,8.9082891631
male,8,11,8.9046262152
male,9,9,8.8875722115
male,8,14,8.8804507594
male,8,11,8.8804507594
male,7,11,8.8804507594
male,11,12,8.8804507594
male,11,11,8.8804507594
female,9,10,8.8804507594
female,8,12,8.8804507594
female,6,12,8.8804507594
male,10,12,8.8532572609
female,8,14,8.8464260439
male,12,12,8.8192062714
female,8,13,8.8192062714
male,4,13,8.8158155731
male,10,11,8.8119274465
male,10,12,8.8071085948
male,9,13,8.800847268
male,8,13,8.7961214279
female,9,14,8.7894573389
female,8,11,8.7729840163
male,7,14,8.7652661719
male,9,15,8.7579617834
female,7,14,8.7579617834
female,10,13,8.7352138308
male,8,10,8.7334929454
female,7,13,8.7296711824
female,8,12,8.7273395394
female,7,16,8.7273395394
male,11,12,8.7172811381
female,7,14,8.7160576601
female,7,15,8.7119818791
male,8,16,8.7103271817
male,7,14,8.7035645053
female,9,15,8.6984494628
male,7,13,8.685581934
male,10,12,8.685581934
male,12,12,8.6763024661
male,8,11,8.6752048946
male,7,10,8.6660950514
male,9,11,8.6596857446
female,6,14,8.6481440808
male,7,12,8.6395404956
female,11,10,8.6365108496
male,9,13,8.6329420435
male,7,12,8.605666168
female,9,11,8.5936710141
female,8,11,8.5805748985
male,9,15,8.5742283195
male,9,13,8.5742283195
male,9,12,8.5742283195
male,9,11,8.5742283195
male,8,12,8.5742283195
male,8,11,8.5742283195
male,7,16,8.5742283195
male,7,12,8.5742283195
male,6,12,8.5742283195
male,5,12,8.5742283195
male,4,14,8.5742283195
male,11,12,8.5742283195
female,9,15,8.5742283195
female,9,12,8.5742283195
female,8,13,8.5742283195
female,6,13,8.5742283195
female,10,12,8.5742283195
male,9,10,8.5687355403
female,7,15,8.5495661095
female,8,11,8.5379396962
male,9,11,8.5304822566
male,6,10,8.5304822566
female,4,12,8.5304822566
male,8,14,8.5209722429
male,8,15,8.4925690021
male,11,12,8.4925690021
male,8,10,8.4744900899
male,9,12,8.4628747049
male,11,13,8.450317415
male,6,11,8.4335342623
male,5,14,8.4256983801
male,8,14,8.4211170995
male,10,12,8.4211170995
female,12,12,8.4211170995
female,4,11,8.4076433121
male,8,13,8.3960625362
female,5,10,8.3808246731
female,9,12,8.3698117629
female,5,13,8.3685898926
male,8,12,8.3598726115
female,9,15,8.3598726115
male,5,12,8.358071303
female,7,11,8.3510261854
male,8,12,8.3442271855
male,7,12,8.3369460099
female,7,12,8.3343014593
male,10,13,8.3319301627
male,4,11,8.3292503675
male,4,11,8.3243993189
male,12,12,8.3204223332
female,7,14,8.3151785269
male,12,12,8.3079479369
female,9,12,8.2935244161
male,9,11,8.2921747783
female,9,12,8.2839365266
female,8,14,8.2796633725
female,9,14,8.2719827943
male,9,15,8.2680058795
male,9,12,8.2680058795
male,9,11,8.2680058795
male,8,12,8.2680058795
male,5,15,8.2680058795
male,12,12,8.2680058795
male,11,12,8.2680058795
male,10,12,8.2680058795
female,9,10,8.2680058795
female,8,14,8.2680058795
female,7,12,8.2680058795
female,6,12,8.2680058795
female,3,15,8.2680058795
male,8,12,8.2566643076
female,9,11,8.2424531814
male,7,13,8.2333703073
male,8,12,8.2325924
male,8,11,8.2232974032
female,6,13,8.2104658176
male,9,15,8.2067613915
female,3,12,8.2046853071
male,9,12,8.2009786501
male,6,10,8.1774150743
female,9,14,8.1731582211
male,9,10,8.1659317328
male,8,11,8.1659317328
male,6,12,8.1659317328
female,4,12,8.1659317328
male,9,12,8.1570315347
female,7,11,8.1469411939
male,8,12,8.1413725396
male,10,12,8.1242688158
male,10,11,8.1188444178
male,9,9,8.1178968403
male,8,12,8.1148946595
male,6,14,8.1065431384
male,10,12,8.1065431384
female,5,12,8.0978823017
female,4,14,8.0967289215
male,10,12,8.0842724155
female,7,12,8.0830288726
female,8,14,8.0820520715
female,7,9,8.0748310745
female,6,12,8.0713228206
male,7,11,8.062918665
female,9,12,8.0492755652
female,7,12,8.0440521547
male,7,12,8.0394370932
male,8,11,8.0239465948
female,8,15,8.0223293212
male,5,14,8.0152182277
female,7,13,8.0098424945
female,8,11,7.9950963409
male,6,13,7.9940173805
male,6,13,7.9895248452
male,9,11,7.9795950356
male,10,13,7.9795950356
male,9,11,7.9617834395
male,8,13,7.9617834395
male,8,11,7.9617834395
male,8,10,7.9617834395
male,7,15,7.9617834395
male,7,15,7.9617834395
male,7,15,7.9617834395
male,7,12,7.9617834395
male,7,11,7.9617834395
male,6,12,7.9617834395
male,6,10,7.9617834395
male,5,12,7.9617834395
male,12,11,7.9617834395
male,11,9,7.9617834395
male,10,12,7.9617834395
male,10,11,7.9617834395
female,9,13,7.9617834395
female,9,12,7.9617834395
female,8,13,7.9617834395
female,8,12,7.9617834395
female,7,12,7.9617834395
female,7,12,7.9617834395
female,7,11,7.9617834395
female,6,14,7.9617834395
female,5,13,7.9617834395
female,5,12,7.9617834395
female,4,15,7.9617834395
female,4,11,7.9617834395
female,10,12,7.9617834395
male,12,12,7.944758956
male,10,13,7.9355261837
female,9,12,7.9268122092
male,9,11,7.9216736992
female,4,12,7.9141080896
male,8,12,7.9123313684
male,8,10,7.9047778301
male,9,14,7.8937340084
male,7,12,7.8937340084
male,8,12,7.891325179
female,6,13,7.8739050351
female,7,15,7.8723251986
male,8,12,7.8473430204
male,9,12,7.8392944635
male,6,13,7.8392944635
male,5,11,7.8392944635
male,14,9,7.8392944635
female,7,14,7.8392944635
female,11,12,7.8392944635
male,9,15,7.8358501338
female,9,12,7.8340542934
male,7,15,7.8283457282
male,10,12,7.8143430054
male,11,12,7.8115611104
male,12,12,7.8086722195
male,7,14,7.7748871146
male,5,14,7.7604509847
male,6,10,7.7424150141
female,7,15,7.7361458521
male,9,15,7.7351672126
male,6,11,7.7351672126
female,8,11,7.7307026536
female,9,12,7.7285931295
male,10,12,7.7257197796
male,7,12,7.7248869077
female,5,14,7.7241182622
male,9,9,7.7205172747
female,6,11,7.7205172747
male,10,12,7.7168054875
female,8,13,7.7100274414
male,8,10,7.7090963911
female,9,15,7.7025625833
female,7,15,7.6993070624
male,9,12,7.6963906582
female,7,13,7.6963906582
male,9,11,7.6846912084
male,7,11,7.6740081344
female,6,12,7.6644554272
female,11,12,7.6629607191
male,11,10,7.6619673267
male,9,13,7.6555609995
male,9,13,7.6555609995
male,9,11,7.6555609995
male,9,10,7.6555609995
male,8,14,7.6555609995
male,8,13,7.6555609995
male,8,12,7.6555609995
male,8,11,7.6555609995
male,8,11,7.6555609995
male,7,13,7.6555609995
male,7,12,7.6555609995
male,7,11,7.6555609995
male,6,10,7.6555609995
male,5,11,7.6555609995
male,12,12,7.6555609995
male,11,12,7.6555609995
male,11,12,7.6555609995
male,11,12,7.6555609995
male,11,12,7.6555609995
male,10,12,7.6555609995
male,10,10,7.6555609995
female,9,14,7.6555609995
female,9,12,7.6555609995
female,8,14,7.6555609995
female,8,14,7.6555609995
female,8,13,7.6555609995
female,8,11,7.6555609995
female,7,13,7.6555609995
female,7,12,7.6555609995
female,7,12,7.6555609995
female,6,13,7.6555609995
female,5,14,7.6555609995
female,11,12,7.6555609995
female,10,13,7.6555609995
female,9,13,7.6471356697
male,9,12,7.6402498775
male,9,9,7.6331345891
female,11,12,7.6249387555
male,9,12,7.621536284
male,9,11,7.621536284
male,7,13,7.621536284
male,5,13,7.6203074003
male,8,11,7.6128606593
female,11,12,7.6072100879
female,5,11,7.6052856735
male,8,10,7.6007479136
male,9,10,7.5998841922
female,9,12,7.593266606
female,7,10,7.5886736516
female,6,13,7.5826508948
male,9,12,7.5687886445
male,6,12,7.5661684472
male,9,12,7.5659710644
female,10,12,7.5636942675
male,11,12,7.5569469934
female,9,12,7.5564133484
male,9,15,7.5513822313
female,9,10,7.5502924983
male,8,10,7.5467141607
female,12,12,7.5456271436
female,10,12,7.5191252589
male,11,12,7.5163689813
male,8,12,7.5161162878
male,9,12,7.5126571942
male,10,12,7.5081651296
male,8,12,7.5073888511
male,7,14,7.5026651258
male,10,12,7.5024497795
female,7,13,7.5024497795
male,14,5,7.5004464551
female,6,10,7.4934432372
male,8,14,7.4854374217
female,8,13,7.4832849318
female,10,12,7.4751218601
female,5,10,7.4718275355
male,5,11,7.4703153259
female,9,10,7.4694770008
male,8,12,7.4641719745
male,7,12,7.4641719745
male,6,13,7.4641719745
male,6,10,7.4630507229
male,9,12,7.4535844965
male,9,11,7.4504762461
male,8,14,7.446842222
male,12,10,7.4412052915
male,12,12,7.4387465712
female,7,11,7.4371955398
female,7,13,7.4358013661
male,8,10,7.4332435081
female,8,15,7.4309978769
male,11,12,7.4271562443
male,6,11,7.4235743026
female,6,11,7.4189345686
female,8,15,7.4173205482
female,9,10,7.4138064416
female,8,14,7.4126949264
female,8,13,7.4063101763
male,10,11,7.3984225896
female,10,12,7.3961922662
male,9,10,7.3891261619
male,6,14,7.3817859704
female,6,12,7.3807459893
male,11,12,7.3738363547
male,9,12,7.3737874569
female,10,10,7.3720217032
male,8,12,7.3616490094
male,6,11,7.3588926997
male,10,13,7.3528735949
female,7,13,7.3519091571
male,9,8,7.3493385595
male,9,12,7.3493385595
male,8,14,7.3493385595
male,8,12,7.3493385595
male,8,11,7.3493385595
male,7,11,7.3493385595
male,6,11,7.3493385595
male,5,11,7.3493385595
male,5,11,7.3493385595
male,12,12,7.3493385595
male,12,10,7.3493385595
male,11,12,7.3493385595
male,10,12,7.3493385595
male,10,10,7.3493385595
female,9,13,7.3493385595
female,9,10,7.3493385595
female,8,13,7.3493385595
female,8,13,7.3493385595
female,8,12,7.3493385595
female,8,11,7.3493385595
female,7,13,7.3493385595
female,7,11,7.3493385595
female,6,12,7.3493385595
female,5,10,7.3493385595
female,4,11,7.3493385595
female,10,12,7.3493385595
female,10,12,7.3493385595
male,9,11,7.3187163155
female,8,11,7.3175232411
male,6,11,7.3162334309
male,11,13,7.3091782395
female,8,13,7.3065743285
female,7,13,7.3065743285
male,7,12,7.2983014862
female,9,11,7.2967179971
female,9,12,7.2956581318
male,9,14,7.2852920361
female,11,12,7.2831283022
male,6,11,7.279344859
male,11,12,7.279344859
female,9,11,7.279344859
female,5,11,7.2758801541
female,9,15,7.2758451739
female,7,14,7.2741748697
male,10,11,7.2640521177
female,8,10,7.2633813834
female,9,14,7.2624375968
female,8,11,7.2599848992
male,10,12,7.259273136
male,7,14,7.2544723822
female,8,14,7.2517192618
female,8,14,7.2517192618
male,5,15,7.2497540262
male,9,12,7.237984945
female,10,12,7.232505774
male,9,12,7.2255911352
male,8,12,7.2243025538
male,9,12,7.2132396973
male,9,10,7.2106717943
female,13,9,7.2052338819
male,9,15,7.2019750696
male,14,9,7.1962273395
male,10,13,7.1962273395
female,8,14,7.1962273395
female,8,13,7.1962273395
male,9,12,7.1912882679
male,8,12,7.1812164356
female,9,13,7.1812164356
female,8,11,7.1764129464
female,9,14,7.1700863995
female,9,12,7.1671631745
female,7,10,7.1628053475
female,8,13,7.1615858382
male,8,12,7.1560454928
female,8,12,7.1513024906
female,7,14,7.1463085564
male,9,13,7.1451902662
male,5,9,7.1451902662
male,10,14,7.1451902662
female,9,15,7.1432823382
female,7,11,7.1432823382
male,7,10,7.1349828515
female,7,14,7.1349828515
female,11,12,7.1299553189
male,9,12,7.1266313305
female,11,12,7.1237009722
male,5,12,7.1202941329
female,8,11,7.1147852012
female,8,14,7.1130654079
female,9,15,7.111342906
male,13,8,7.1063852187
male,9,15,7.1043606075
male,11,13,7.1025981762
female,8,14,7.1009595674
female,8,13,7.0929028414
female,12,12,7.0914670311
male,9,10,7.0890753053
male,8,12,7.0836998164
female,11,11,7.0771408351
female,6,12,7.0640592439
male,7,10,7.0458260526
male,7,10,7.0458260526
male,9,13,7.0431161195
male,9,12,7.0431161195
male,9,12,7.0431161195
male,9,12,7.0431161195
male,9,12,7.0431161195
male,9,10,7.0431161195
male,8,13,7.0431161195
male,8,12,7.0431161195
male,7,12,7.0431161195
male,7,11,7.0431161195
male,13,10,7.0431161195
male,11,12,7.0431161195
male,11,12,7.0431161195
male,11,12,7.0431161195
male,10,12,7.0431161195
male,10,10,7.0431161195
female,9,14,7.0431161195
female,9,10,7.0431161195
female,9,10,7.0431161195
female,7,14,7.0431161195
female,7,13,7.0431161195
female,7,11,7.0431161195
female,6,11,7.0431161195
female,4,12,7.0431161195
male,8,15,7.0415773133
male,8,14,7.0410329737
male,9,10,7.0337227932
male,4,11,7.0251030348
male,10,12,7.0219867712
female,9,15,7.0194928264
male,9,11,7.0186520679
male,9,13,7.0171650653
male,9,11,7.0147871714
male,6,15,7.0147871714
female,9,12,7.0147871714
female,7,12,7.0147871714
female,9,12,7.0122129375
male,6,13,7.0117979155
male,17,6,7.0063694268
male,10,12,7.0063694268
female,6,13,7.0063694268
male,10,12,7.0041806203
male,11,9,7.0035301578
male,10,10,6.9993700567
female,7,14,6.9908342396
female,8,11,6.9874556125
female,9,13,6.984020561
female,9,13,6.9801937004
male,7,12,6.9715118674
male,10,8,6.9695855033
male,7,10,6.9665605096
male,7,11,6.9611221329
female,6,11,6.9596009086
male,11,11,6.9563705137
male,10,9,6.9358549019
male,9,12,6.9213620774
male,8,15,6.9205039152
male,10,11,6.9205039152
male,6,15,6.9160150368
male,12,12,6.915377616
male,9,12,6.9107704357
female,6,12,6.9107704357
male,11,10,6.9028270214
male,9,12,6.8900048996
male,7,10,6.8900048996
male,13,7,6.8900048996
female,5,11,6.8900048996
male,9,10,6.8898338256
male,11,12,6.8858667585
female,9,15,6.87701603
female,4,12,6.873482106
male,5,12,6.8648929375
male,6,12,6.8593826556
male,4,12,6.8593826556
female,9,13,6.8593826556
female,8,12,6.8488459695
female,10,12,6.8488459695
male,7,14,6.8403591715
female,8,13,6.833101496
male,12,12,6.8287604116
male,9,11,6.8243858053
male,7,10,6.8243858053
male,6,11,6.8243858053
female,9,10,6.8243858053
female,8,15,6.8243858053
female,8,13,6.8243858053
female,8,10,6.8243858053
female,9,8,6.8111173948
male,9,12,6.808697562
female,10,12,6.8043109748
male,5,12,6.8025477707
female,12,12,6.7924085572
female,11,12,6.7803575098
male,10,12,6.7759859059
female,7,12,6.7691276206
female,13,9,6.7691276206
male,11,12,6.7572331774
male,7,14,6.7472741013
male,9,12,6.7368936796
male,8,11,6.7368936796
male,7,12,6.7368936796
male,6,12,6.7368936796
male,15,6,6.7368936796
male,12,12,6.7368936796
male,12,11,6.7368936796
male,11,8,6.7368936796
male,11,10,6.7368936796
male,10,14,6.7368936796
male,10,12,6.7368936796
female,9,13,6.7368936796
female,9,12,6.7368936796
female,9,12,6.7368936796
female,9,11,6.7368936796
female,8,13,6.7368936796
female,8,12,6.7368936796
female,8,10,6.7368936796
female,7,16,6.7368936796
female,6,14,6.7368936796
female,6,13,6.7368936796
female,6,12,6.7368936796
female,5,11,6.7368936796
female,11,12,6.7368936796
female,10,14,6.7368936796
female,10,12,6.7368936796
male,9,14,6.7341956845
female,2,13,6.7341956845
male,8,11,6.7270210273
male,9,12,6.7254816632
male,6,15,6.7254816632
female,11,12,6.7209860203
male,7,12,6.7177547771
female,8,15,6.7082260469
male,9,13,6.6905743189
male,14,8,6.6878980892
male,8,12,6.6776248202
male,12,10,6.6753817484
male,5,12,6.6668718012
female,8,12,6.6656791586
female,8,10,6.6625802841
male,9,14,6.6589461494
female,10,12,6.6546249644
female,5,12,6.6494015539
female,11,12,6.6494015539
male,8,12,6.6450269476
male,9,11,6.6438464983
male,9,12,6.6400396899
male,9,13,6.6348195329
male,9,13,6.6348195329
male,11,11,6.6348195329
female,10,13,6.6348195329
female,9,14,6.6302906459
male,11,12,6.6230764895
female,11,12,6.6160240102
female,7,12,6.6148150519
male,7,12,6.6144047036
female,8,12,6.6136220264
male,6,11,6.6097824781
female,8,11,6.6079579154
male,12,12,6.5981630714
male,9,12,6.5919034945
female,9,11,6.5870870183
male,6,11,6.5867908496
male,7,11,6.5841265297
male,7,11,6.5837824596
male,10,12,6.5837824596
male,7,10,6.5787506354
female,8,12,6.5739496289
male,9,10,6.572354453
female,6,12,6.5664193315
male,9,12,6.5639130646
female,8,15,6.5550457686
female,3,12,6.5486530455
male,9,10,6.5357923757
male,9,14,6.5327453862
female,8,12,6.5327453862
male,8,12,6.5260519996
female,7,14,6.5225379716
female,8,11,6.5118739952
male,11,12,6.5109695683
male,10,11,6.5089032498
female,8,12,6.5010264779
female,9,12,6.4994150526
female,8,11,6.4994150526
female,5,11,6.4994150526
female,7,14,6.498828198
male,6,10,6.4873790988
female,6,12,6.4861779548
male,8,13,6.4773831372
female,9,11,6.4729946663
male,3,15,6.4555000861
female,11,12,6.451247451
male,5,12,6.4500524067
male,8,13,6.4467882101
male,7,11,6.4380998163
male,8,11,6.4337643955
male,9,10,6.4313583505
male,9,12,6.4306712396
male,8,14,6.4306712396
male,8,11,6.4306712396
male,8,11,6.4306712396
male,4,11,6.4306712396
male,3,12,6.4306712396
male,14,6,6.4306712396
male,12,11,6.4306712396
male,12,10,6.4306712396
male,11,12,6.4306712396
male,11,12,6.4306712396
male,10,12,6.4306712396
male,10,12,6.4306712396
male,10,12,6.4306712396
female,9,15,6.4306712396
female,9,12,6.4306712396
female,9,11,6.4306712396
female,7,13,6.4306712396
female,6,11,6.4306712396
female,4,13,6.4306712396
female,4,12,6.4306712396
female,12,10,6.4306712396
female,11,12,6.4306712396
female,6,12,6.4278618594
female,10,12,6.4245873501
male,10,12,6.4207930964
female,5,13,6.4148653814
male,5,14,6.4143270409
male,6,11,6.4106379959
male,4,11,6.4078739956
male,8,12,6.4050101413
female,10,9,6.3900397832
male,3,11,6.3893045881
male,9,11,6.384750152
male,8,11,6.3838192063
female,11,12,6.3805955861
male,9,12,6.3796341663
female,12,9,6.3796341663
male,8,12,6.3694267516
male,7,12,6.3694267516
male,7,10,6.3694267516
female,8,14,6.3694267516
female,6,11,6.3694267516
female,10,10,6.3694267516
male,9,10,6.3666586391
female,9,12,6.361474908
male,9,11,6.3553038541
male,8,10,6.3517010742
male,8,13,6.3482658654
female,11,12,6.3455414013
female,8,11,6.3422456986
male,9,11,6.3262929361
male,10,12,6.324781237
male,8,12,6.3220116641
female,9,13,6.3152956461
female,8,11,6.3141776967
male,7,11,6.3137174797
male,11,12,6.3088616795
male,9,14,6.304210778
male,8,12,6.3030785563
female,7,11,6.3030785563
female,7,11,6.2988793034
female,9,12,6.2953636498
male,8,13,6.2856185049
female,7,11,6.2856185049
male,9,14,6.2814859483
female,8,13,6.2784349409
male,9,13,6.2782902798
male,4,11,6.2775600196
female,6,13,6.2775600196
female,11,13,6.2775600196
male,7,13,6.2752972922
male,11,12,6.2738255996
female,9,15,6.2729202857
female,10,12,6.2704201181
male,5,12,6.2650099196
male,9,12,6.2605476618
female,8,10,6.2605476618
male,9,12,6.2556869882
male,5,12,6.2556869882
female,8,15,6.2556869882
male,7,14,6.2554875147
male,8,10,6.2520414829
female,8,12,6.250372046
female,5,11,6.244536031
female,11,10,6.244536031
male,9,12,6.2399189988
male,8,10,6.2394384505
male,6,12,6.2309609526
female,8,10,6.2278839349
male,8,11,6.2257554715
female,8,10,6.2195911467
male,12,11,6.2191310837
male,8,13,6.2101910828
female,7,14,6.195187114
male,14,8,6.1893722851
female,9,13,6.1863972472
male,9,14,6.1856932876
male,5,13,6.1845448551
female,8,12,6.175344496
male,11,13,6.1739193069
female,7,12,6.1712956798
female,11,12,6.1703821656
male,14,7,6.1639613725
female,8,14,6.1621542891
female,8,13,6.1556006246
female,10,8,6.1480953201
male,8,12,6.1433514194
male,8,11,6.1426222382
male,9,10,6.1396837469
male,9,11,6.1392065076
female,4,11,6.1372080679
female,8,15,6.1351746294
male,11,7,6.1309990122
male,10,12,6.1309990122
male,8,14,6.1281699837
male,8,16,6.1269034885
male,9,9,6.1244487996
male,9,12,6.1244487996
male,9,10,6.1244487996
male,8,13,6.1244487996
male,8,12,6.1244487996
male,8,11,6.1244487996
male,7,12,6.1244487996
male,7,10,6.1244487996
male,6,12,6.1244487996
male,5,11,6.1244487996
male,5,11,6.1244487996
male,4,14,6.1244487996
male,11,13,6.1244487996
male,11,12,6.1244487996
male,11,12,6.1244487996
male,11,12,6.1244487996
male,11,10,6.1244487996
female,9,15,6.1244487996
female,9,14,6.1244487996
female,9,12,6.1244487996
female,9,12,6.1244487996
female,9,11,6.1244487996
female,8,12,6.1244487996
female,8,12,6.1244487996
female,8,11,6.1244487996
female,7,15,6.1244487996
female,7,14,6.1244487996
female,7,13,6.1244487996
female,7,13,6.1244487996
female,7,13,6.1244487996
female,7,11,6.1244487996
female,7,10,6.1244487996
female,6,15,6.1244487996
female,6,12,6.1244487996
female,5,11,6.1244487996
female,7,13,6.1223052425
male,12,12,6.1197413063
female,7,13,6.1182562326
male,8,13,6.1175285185
male,9,10,6.1146496815
female,6,11,6.1143123402
male,5,10,6.1132523667
female,7,11,6.1110612721
male,9,12,6.1069503745
female,10,13,6.1056621468
male,11,12,6.1048818705
female,10,12,6.1030132288
female,5,12,6.1024447919
male,5,11,6.0983873154
female,9,11,6.0966805179
female,8,15,6.0938265556
female,8,10,6.0884226302
female,7,13,6.0884226302
female,10,12,6.0868241995
male,9,12,6.0792793291
male,5,14,6.0776972821
male,6,15,6.0661207158
female,9,12,6.0661207158
female,10,11,6.0537660911
male,12,8,6.050955414
male,10,12,6.050955414
female,11,12,6.0504053772
female,8,11,6.0495647095
female,9,10,6.0445247428
female,8,12,6.0387341663
female,12,12,6.0325820676
female,7,11,6.0306274563
female,11,12,6.0268480219
female,9,12,6.0251334137
female,10,12,6.0251334137
female,8,13,6.0155697098
male,6,11,6.0088931619
male,8,12,6.0048467692
male,8,12,5.9916897868
male,8,12,5.9883499374
male,8,11,5.9883499374
male,9,13,5.9843470297
male,8,11,5.9806823959
female,9,11,5.9740830222
male,7,13,5.9713375796
male,7,11,5.9713375796
male,11,12,5.9713375796
female,9,9,5.9713375796
female,8,14,5.9713375796
female,8,13,5.9713375796
female,8,12,5.9713375796
female,6,12,5.9713375796
female,6,12,5.9713375796
female,3,14,5.9713375796
male,7,12,5.9710801547
male,9,9,5.9666761139
male,11,12,5.9620219204
male,7,12,5.955155093
male,7,12,5.9470638496
male,7,13,5.9429338517
male,9,15,5.9416294325
male,4,13,5.9395187293
female,6,16,5.9323092294
male,10,9,5.9319457524
male,8,11,5.9316169305
male,3,10,5.925048141
female,9,13,5.925048141
female,7,10,5.9195415907
male,8,11,5.9184938842
female,10,14,5.9158762399
male,5,10,5.9151437143
male,10,9,5.9144676979
female,7,13,5.9061957151
female,8,15,5.9028226736
female,11,12,5.9021715073
male,7,11,5.8976173626
female,10,12,5.8976173626
female,9,12,5.8941695247
female,9,11,5.8903453313
male,9,13,5.8877054006
female,12,12,5.8794708476
female,10,12,5.8734467996
female,9,11,5.8704394024
male,8,12,5.869263433
female,9,14,5.8674350834
male,3,11,5.8657976596
female,8,12,5.8644338378
female,4,11,5.861435661
male,9,12,5.8593211459
male,10,8,5.8593211459
male,12,12,5.8578418929
female,8,12,5.854252529
male,7,13,5.8519878279
female,6,12,5.8505117926
male,10,12,5.8494735474
male,10,11,5.8466660247
male,11,12,5.8460647633
female,6,14,5.8362421582
male,8,12,5.8301389031
female,9,11,5.8268054903
male,10,12,5.824426814
male,7,11,5.8197807883
male,9,12,5.8182263596
male,9,10,5.8182263596
male,8,12,5.8182263596
male,8,12,5.8182263596
male,8,12,5.8182263596
male,8,11,5.8182263596
male,8,10,5.8182263596
male,6,9,5.8182263596
male,12,12,5.8182263596
male,11,12,5.8182263596
male,11,12,5.8182263596
male,10,12,5.8182263596
female,9,14,5.8182263596
female,9,13,5.8182263596
female,9,13,5.8182263596
female,8,15,5.8182263596
female,7,11,5.8182263596
female,7,10,5.8182263596
female,6,15,5.8182263596
female,6,12,5.8182263596
female,12,10,5.8182263596
female,10,12,5.8182263596
female,10,12,5.8182263596
female,6,12,5.8175870643
male,8,12,5.8168280836
male,10,8,5.8159123362
male,9,10,5.814414462
male,10,11,5.8115207588
female,8,11,5.8107051067
female,9,12,5.8087997887
female,6,13,5.8078903881
female,9,11,5.8021093891
male,8,10,5.790387956
male,4,10,5.790387956
female,9,12,5.790387956
female,8,14,5.790387956
female,6,7,5.790387956
female,6,12,5.790387956
female,13,10,5.790387956
female,8,10,5.7880389142
female,8,11,5.7876041156
male,9,14,5.7842016441
female,12,10,5.780867222
male,8,9,5.7787137867
male,6,11,5.7758025959
male,5,11,5.766559199
female,10,14,5.7569818716
female,5,11,5.7562599327
male,7,12,5.7555061008
female,14,9,5.7526182403
female,8,12,5.7511753965
male,9,11,5.7449731485
female,5,11,5.7413645272
male,7,10,5.7406850551
male,9,11,5.7382222987
male,7,12,5.7382222987
male,16,8,5.7379960804
male,6,10,5.7324840764
male,5,12,5.7324840764
female,9,11,5.7291140094
female,11,12,5.7263596276
female,6,9,5.7259401448
male,6,12,5.7253274172
female,10,12,5.7222235377
female,9,8,5.7124903602
female,8,14,5.7124903602
female,5,12,5.7109839017
female,5,11,5.7105205359
female,6,12,5.7096454945
male,11,8,5.7091510244
female,8,13,5.7039642552
female,8,13,5.6971616741
female,10,12,5.6969622734
male,7,11,5.6962353063
female,10,12,5.6962353063
female,12,12,5.6927971477
male,8,15,5.6869881711
female,7,11,5.6869881711
female,8,11,5.6816482761
male,9,12,5.6785379658
male,4,13,5.6729184329
male,6,10,5.6714073816
female,7,15,5.6712395884
male,8,11,5.6653096901
male,6,11,5.6651151396
female,9,13,5.6651151396
female,8,12,5.6651151396
female,7,10,5.6651151396
male,9,12,5.6617126681
male,12,12,5.6617126681
female,9,13,5.6617126681
female,6,13,5.6600356205
male,14,8,5.6543213983
male,9,12,5.6533373535
male,7,10,5.6533373535
female,10,12,5.6533373535
female,6,12,5.6491589815
female,4,10,5.6466549216
female,9,13,5.639596603
female,6,12,5.639596603
male,7,12,5.6344928956
female,8,14,5.6311238472
male,8,11,5.6267020774
male,12,12,5.6242178822
male,4,11,5.6200824279
female,6,14,5.6140780663
female,10,9,5.6079290213
male,17,6,5.6068897461
female,8,11,5.6061305193
female,10,12,5.6051867939
male,8,12,5.6036012477
male,5,12,5.601254681
female,6,12,5.5996360328
male,9,11,5.5975028473
female,6,12,5.5953968535
male,16,8,5.5947667413
female,7,11,5.5941504644
female,6,11,5.5885595296
male,7,11,5.5872164488
female,5,11,5.5872164488
male,8,12,5.5732484076
male,5,13,5.5732484076
female,6,13,5.5732484076
female,3,10,5.5732484076
female,11,12,5.5732484076
male,12,12,5.5676807269
female,6,13,5.5640969324
male,9,11,5.5608358277
male,5,11,5.5547326322
male,12,12,5.5547326322
male,9,10,5.552042689
male,8,10,5.5501228956
male,4,13,5.5479093984
female,9,12,5.5455208036
male,11,12,5.5409263373
male,8,11,5.5386319579
male,8,11,5.5386319579
male,9,12,5.5363394778
female,3,11,5.5363282791
female,8,14,5.5290162774
female,11,12,5.5271885034
female,11,13,5.5201698514
male,18,3,5.5168263203
female,9,12,5.516059846
male,9,12,5.5120039196
male,9,10,5.5120039196
male,8,10,5.5120039196
male,6,9,5.5120039196
male,5,8,5.5120039196
male,5,10,5.5120039196
male,3,11,5.5120039196
male,14,6,5.5120039196
male,13,8,5.5120039196
male,12,11,5.5120039196
male,11,8,5.5120039196
male,11,12,5.5120039196
male,11,12,5.5120039196
male,11,12,5.5120039196
male,10,9,5.5120039196
male,10,9,5.5120039196
male,10,12,5.5120039196
male,10,12,5.5120039196
male,10,11,5.5120039196
female,9,9,5.5120039196
female,9,14,5.5120039196
female,9,12,5.5120039196
female,8,15,5.5120039196
female,8,12,5.5120039196
female,8,11,5.5120039196
female,7,12,5.5120039196
female,7,10,5.5120039196
female,6,12,5.5120039196
female,4,12,5.5120039196
female,13,10,5.5120039196
female,12,12,5.5120039196
female,11,12,5.5120039196
female,11,12,5.5120039196
female,10,12,5.5120039196
female,8,12,5.5107716362
female,10,14,5.5028172464
male,9,12,5.4987856848
male,10,10,5.4927119059
male,8,13,5.4867721081
male,7,12,5.4861556861
female,7,13,5.4836124351
male,7,12,5.4830072467
male,14,10,5.4797699786
female,12,12,5.4797699786
male,7,11,5.4765164593
female,9,10,5.4712763351
male,9,9,5.4662019527
male,8,9,5.4639690271
male,10,12,5.4630560832
male,8,11,5.4626301472
male,8,14,5.4622227922
male,14,6,5.4595086442
female,9,11,5.4595086442
male,7,14,5.4532763284
female,8,10,5.4507594317
male,7,10,5.4491293502
female,7,16,5.4478926684
female,13,11,5.4439544885
male,8,12,5.4373155197
male,6,15,5.4354483097
female,6,13,5.4346644638
male,8,9,5.4284887087
female,4,12,5.4284887087
female,9,13,5.4268658422
male,9,11,5.4207887248
male,8,14,5.4190149065
male,9,12,5.4140127389
male,11,12,5.4140127389
male,11,12,5.4140127389
male,8,14,5.4109207841
female,5,12,5.4082564263
male,7,12,5.4075133238
male,6,12,5.397819281
female,4,11,5.397819281
female,13,9,5.397819281
female,8,12,5.3973274524
male,7,10,5.3928784853
female,7,14,5.3895149437
female,5,12,5.3895149437
female,5,11,5.3895149437
male,8,11,5.3841308128
male,3,10,5.3841308128
female,6,11,5.3750436722
female,9,12,5.3744943977
female,8,12,5.3737099145
female,12,12,5.3725249076
male,9,12,5.3674944536
male,7,12,5.3674944536
female,6,16,5.3674944536
female,7,11,5.3609062612
male,7,11,5.3588926997
male,12,9,5.3588926997
male,12,12,5.3588926997
male,11,12,5.3588926997
male,10,12,5.3588926997
female,9,12,5.3588926997
female,9,10,5.3588926997
female,13,11,5.3588926997
female,10,13,5.3588926997
male,7,9,5.3524594551
male,14,10,5.3524594551
female,5,9,5.3524594551
male,10,12,5.3453669735
female,8,13,5.3391207478
male,7,13,5.3343949045
male,7,12,5.3323722805
male,8,9,5.3287526957
female,9,11,5.3282704557
male,8,12,5.3201708366
male,9,10,5.3189367445
female,8,12,5.3109505859
female,10,14,5.3106215751
male,9,10,5.3078556263
male,8,14,5.3078556263
male,8,10,5.3078556263
male,7,11,5.3078556263
female,7,11,5.3078556263
female,8,13,5.2980985388
female,8,10,5.294280548
male,12,12,5.2902215545
male,4,11,5.2877119617
female,9,13,5.2789036865
female,6,13,5.2768155349
female,4,12,5.2764481966
male,9,12,5.2727042646
male,6,11,5.2684319856
female,7,13,5.2608834526
female,7,15,5.2588758998
female,11,12,5.2531354652
female,8,13,5.2495275425
male,16,8,5.2488065526
female,8,12,5.247725439
male,8,12,5.2470206048
female,5,12,5.245410266
male,8,15,5.2432642565
male,6,10,5.2429236526
male,8,11,5.2423265445
female,8,12,5.2406675804
male,8,15,5.2380154207
female,9,12,5.237084218
female,8,11,5.2182493248
female,8,15,5.2086433716
male,9,12,5.2057814797
male,9,12,5.2057814797
male,9,12,5.2057814797
male,9,11,5.2057814797
male,8,11,5.2057814797
male,8,11,5.2057814797
male,7,11,5.2057814797
male,7,11,5.2057814797
male,7,10,5.2057814797
male,6,12,5.2057814797
male,5,12,5.2057814797
male,4,10,5.2057814797
male,10,12,5.2057814797
male,10,12,5.2057814797
male,10,11,5.2057814797
female,9,13,5.2057814797
female,8,11,5.2057814797
female,8,11,5.2057814797
female,8,10,5.2057814797
female,7,13,5.2057814797
female,3,11,5.2057814797
female,11,12,5.2057814797
female,8,12,5.2037800258
female,8,11,5.2025656081
male,10,10,5.2018911764
female,5,11,5.2002694757
male,12,9,5.1995320421
male,11,10,5.1995320421
male,9,12,5.1935965033
female,10,12,5.1924674605
male,9,12,5.1886714008
male,7,14,5.1858359568
female,7,13,5.1848808873
male,6,14,5.1844171234
female,8,14,5.1844171234
male,6,10,5.1819065098
female,7,10,5.178395733
male,6,9,5.1778245537
male,9,14,5.1760605696
female,10,12,5.1753277034
female,12,12,5.1751592357
female,8,12,5.1717567641
female,9,12,5.1681752151
male,6,9,5.1644000689
female,5,12,5.1644000689
male,7,9,5.1574305681
female,5,11,5.1574305681
male,5,11,5.1537484425
male,9,12,5.1518684968
male,11,9,5.1445369917
female,9,14,5.1445369917
male,10,12,5.1412413242
female,9,12,5.1408830832
female,9,14,5.1366344771
female,7,12,5.1366344771
female,5,12,5.1366344771
male,12,12,5.1345640883
male,8,11,5.1328713749
female,8,12,5.1328713749
male,8,12,5.1309918907
male,9,13,5.1297396657
female,4,10,5.1297396657
male,9,12,5.1295555665
male,5,13,5.124826122
female,6,11,5.1242371292
male,10,12,5.1208114096
female,7,10,5.1205753251
female,13,11,5.1196337956
male,6,11,5.118289354
male,8,12,5.116005423
male,9,13,5.1122724748
female,11,12,5.1113311567
female,9,12,5.1110293691
female,7,14,5.1087252083
female,4,11,5.1075591876
male,7,13,5.1049659538
male,9,12,5.103707333
female,7,16,5.103707333
female,7,10,5.103707333
male,9,10,5.0955414013
male,8,11,5.0955414013
female,11,12,5.092407612
male,9,12,5.09216538
female,9,15,5.0906418422
female,9,11,5.0880036181
male,4,14,5.0862935947
female,10,12,5.083341382
male,11,9,5.0752404395
female,8,13,5.0745432911
male,6,10,5.0729947579
female,7,13,5.0726044074
male,8,10,5.0685093514
female,8,14,5.0685093514
male,7,11,5.0674753838
male,18,6,5.0616149014
female,9,12,5.0593272692
female,5,13,5.0551005965
male,7,13,5.0526702597
male,12,7,5.0526702597
male,10,12,5.0526702597
female,8,10,5.0526702597
female,10,12,5.0526702597
male,12,12,5.0516143202
male,11,12,5.0480305257
female,6,16,5.0417626002
male,11,12,5.0271718639
male,7,11,5.0270249136
female,6,12,5.0246057901
female,6,14,5.0179307392
female,9,15,5.010365193
female,13,9,5.0074109682
male,7,12,5.0065363113
male,10,11,5.0045495905
male,8,8,5.002167606
female,9,12,4.9927016985
male,8,12,4.9914982399
female,9,11,4.9914257717
male,9,14,4.9902916145
male,6,12,4.9865906805
female,9,12,4.9852787651
male,11,9,4.9847687621
female,8,12,4.9806363752
male,4,11,4.9761146497
male,10,12,4.9761146497
female,8,12,4.9761146497
female,5,11,4.9761146497
female,10,13,4.9740959419
male,6,12,4.9712599037
female,9,15,4.9631896766
female,4,10,4.9628450106
female,12,12,4.9608035277
male,10,12,4.9495545401
male,12,12,4.9488233445
female,9,14,4.9487291045
female,12,12,4.948500251
female,5,14,4.9481497078
male,11,11,4.9465625755
female,6,13,4.9425376278
female,8,13,4.9358765258
male,7,14,4.9340629766
male,10,12,4.9330412199
female,7,14,4.9307146543
male,6,11,4.9261870779
male,9,14,4.9248144987
female,6,12,4.9146811355
male,8,12,4.9128972222
male,9,8,4.8995590397
male,9,13,4.8995590397
male,9,12,4.8995590397
male,9,12,4.8995590397
male,9,12,4.8995590397
male,9,11,4.8995590397
male,9,10,4.8995590397
male,8,13,4.8995590397
male,8,13,4.8995590397
male,8,12,4.8995590397
male,8,12,4.8995590397
male,8,10,4.8995590397
male,7,10,4.8995590397
male,6,9,4.8995590397
male,6,13,4.8995590397
male,6,11,4.8995590397
male,6,11,4.8995590397
male,6,11,4.8995590397
male,12,10,4.8995590397
male,11,8,4.8995590397
male,11,12,4.8995590397
male,11,12,4.8995590397
male,10,12,4.8995590397
male,10,12,4.8995590397
male,10,11,4.8995590397
female,9,13,4.8995590397
female,9,12,4.8995590397
female,9,12,4.8995590397
female,8,15,4.8995590397
female,8,13,4.8995590397
female,8,13,4.8995590397
female,8,12,4.8995590397
female,6,13,4.8995590397
female,6,12,4.8995590397
female,6,11,4.8995590397
female,5,12,4.8995590397
female,4,11,4.8995590397
female,3,12,4.8995590397
female,10,12,4.8995590397
female,12,12,4.8932855966
male,14,5,4.8862930856
female,9,12,4.8859415882
male,6,13,4.8770495801
male,8,12,4.8745612895
female,7,9,4.8745612895
male,11,12,4.8737038469
male,6,14,4.8658722319
male,9,11,4.8621578256
female,7,12,4.8621578256
female,9,11,4.8593242502
male,8,11,4.8580373529
male,7,14,4.8510485541
female,9,10,4.8459421872
male,7,12,4.8410409621
female,6,10,4.8407643312
female,9,12,4.838652919
male,8,12,4.8348046337
female,6,11,4.8344795078
female,8,9,4.8285041294
male,11,12,4.8253232967
male,10,12,4.8253232967
female,10,11,4.8211491416
female,6,13,4.8172135096
male,10,11,4.8149014321
female,6,11,4.8144292014
male,10,11,4.8131688299
female,5,12,4.8131688299
male,11,12,4.8124557679
female,7,11,4.8107452807
female,6,13,4.8085103235
male,6,13,4.8045244893
male,10,12,4.8042520159
male,11,9,4.7996566834
male,15,8,4.7961200733
female,8,11,4.7938485336
male,11,11,4.7926461637
female,4,11,4.7890426704
male,2,13,4.7842464333
male,6,12,4.7784754977
male,8,12,4.7782646299
male,7,11,4.7775478185
male,9,14,4.7770700637
male,8,11,4.7770700637
male,5,11,4.7770700637
male,12,8,4.7770700637
female,9,15,4.7770700637
female,8,11,4.7770700637
female,7,11,4.7770700637
female,7,11,4.7691215278
male,8,11,4.7668133378
male,7,10,4.7662377053
female,8,11,4.7651571708
female,10,12,4.7634601775
male,6,11,4.7629784116
female,8,12,4.7574718275
male,7,14,4.753303546
male,9,12,4.7491339815
male,8,12,4.7464478197
male,7,10,4.7464478197
male,5,11,4.7464478197
male,4,11,4.7464478197
female,9,11,4.7464478197
female,12,12,4.7464478197
female,10,12,4.7444519565
female,8,12,4.7426855931
female,9,11,4.7360245179
female,5,12,4.7356332726
male,10,9,4.7321149715
male,8,11,4.7315741583
male,12,10,4.7283954051
female,6,12,4.7278219187
male,10,12,4.7264965506
female,7,13,4.7245747883
female,7,12,4.7230918709
male,5,11,4.7180938901
male,10,11,4.7131064758
female,9,12,4.7127232653
male,9,12,4.7120759132
female,10,12,4.7120759132
female,10,13,4.7046902142
female,7,12,4.7035766781
male,10,12,4.7022613602
male,12,12,4.6976249361
male,6,10,4.6960219688
male,10,12,4.6954107464
female,6,13,4.693261817
female,5,10,4.6855553115
male,8,10,4.6848373288
male,8,12,4.6834020232
female,8,12,4.6834020232
male,9,13,4.6809435445
female,8,10,4.679354139
male,9,11,4.6768518106
female,8,11,4.6768518106
female,5,10,4.6768518106
female,9,11,4.6646780667
male,9,12,4.6605561597
male,8,12,4.6584903103
female,7,12,4.6584903103
male,9,11,4.6545810877
male,11,11,4.6545810877
female,9,12,4.6545810877
male,6,7,4.6540696515
male,9,12,4.649216607
female,9,10,4.644373673
female,7,10,4.644373673
female,11,11,4.6436086828
female,10,9,4.6391494057
male,11,13,4.6384438443
female,9,11,4.6350288568
male,7,11,4.631508372
female,8,9,4.6301517859
male,12,10,4.6273613153
female,8,13,4.6267022409
male,8,11,4.6161699106
male,10,14,4.6155266316
male,9,10,4.6115951779
female,11,12,4.6083707763
male,9,12,4.6044048807
male,8,10,4.6044048807
male,7,14,4.6044048807
male,5,11,4.6044048807
male,9,11,4.6001415428
male,8,12,4.5987089232
male,6,11,4.5964935321
male,4,10,4.5951776164
male,9,12,4.5933365997
male,9,11,4.5933365997
male,9,11,4.5933365997
male,8,12,4.5933365997
male,8,11,4.5933365997
male,8,11,4.5933365997
male,7,12,4.5933365997
male,6,11,4.5933365997
male,6,10,4.5933365997
male,5,12,4.5933365997
male,5,11,4.5933365997
male,4,9,4.5933365997
male,4,10,4.5933365997
male,16,7,4.5933365997
male,10,14,4.5933365997
male,10,12,4.5933365997
male,10,11,4.5933365997
female,9,14,4.5933365997
female,9,14,4.5933365997
female,9,12,4.5933365997
female,9,12,4.5933365997
female,8,14,4.5933365997
female,8,12,4.5933365997
female,8,12,4.5933365997
female,8,12,4.5933365997
female,8,12,4.5933365997
female,8,12,4.5933365997
female,8,12,4.5933365997
female,7,11,4.5933365997
female,7,10,4.5933365997
female,6,12,4.5933365997
female,6,11,4.5933365997
female,5,12,4.5933365997
female,12,9,4.5933365997
female,12,12,4.5933365997
female,11,12,4.5933365997
female,11,11,4.5933365997
female,10,12,4.593064402
male,8,12,4.5924179324
male,9,10,4.5919123093
male,5,12,4.590577839
male,4,11,4.5627143557
female,10,12,4.5593459089
male,4,12,4.556988245
male,9,10,4.5512038668
male,9,12,4.5495905369
male,7,13,4.5495905369
male,10,12,4.5495905369
female,8,12,4.5495905369
female,8,11,4.5495905369
female,8,11,4.5495905369
female,7,12,4.5495905369
female,7,11,4.5495905369
female,5,12,4.5495905369
female,12,12,4.5495905369
male,6,9,4.5387839085
male,6,12,4.5333998232
female,10,12,4.5267665041
female,9,6,4.5173239373
male,7,10,4.5166060055
male,7,12,4.5150366847
female,7,11,4.5127517471
male,10,11,4.5122710022
male,8,12,4.5116772824
female,5,13,4.5083711435
female,8,12,4.5066698714
male,2,12,4.5062611032
male,16,6,4.5036350769
female,9,11,4.5001384658
male,9,12,4.4960659423
female,9,10,4.491262453
female,11,12,4.491262453
female,10,12,4.491262453
female,10,13,4.4897275035
male,8,14,4.4855117969
male,11,13,4.4855117969
female,6,11,4.4855117969
female,3,15,4.4855117969
female,9,12,4.4795968363
female,7,10,4.4785031847
female,9,10,4.4729120447
female,9,12,4.4708476237
male,7,14,4.4657439164
male,10,10,4.4637203412
female,5,14,4.4626556858
female,6,11,4.4613441687
female,4,10,4.4607615196
female,7,11,4.4605327626
male,9,11,4.4585987261
female,7,12,4.4585987261
female,7,11,4.4585987261
male,7,12,4.4541445815
male,6,14,4.4541445815
male,11,9,4.4541445815
male,10,12,4.4541445815
female,9,12,4.4479237092
female,8,15,4.444599986
male,8,10,4.4437861058
female,5,10,4.4437861058
female,11,13,4.4437861058
male,4,11,4.4402253797
female,7,13,4.4402253797
female,4,12,4.4402253797
male,11,7,4.438624914
female,9,11,4.4323330488
female,8,13,4.4317494412
male,4,12,4.4293649177
male,6,11,4.4232130219
male,13,9,4.4232130219
female,9,15,4.4136348214
male,13,9,4.4134610562
male,10,12,4.4113344287
male,6,12,4.4096031357
male,5,12,4.4096031357
male,10,12,4.4096031357
female,9,13,4.4096031357
female,8,13,4.4096031357
female,6,10,4.4096031357
female,10,12,4.4096031357
male,3,15,4.4089975042
female,5,10,4.4059192567
female,7,12,4.4053672057
male,12,11,4.3987753809
female,8,12,4.3967510941
male,9,12,4.3940855608
male,7,11,4.3927081045
female,9,11,4.3883845729
female,6,12,4.3871051605
male,8,12,4.3866575424
female,4,12,4.385411563
female,9,10,4.382633086
female,11,12,4.382633086
female,9,13,4.3823577084
female,7,10,4.381355181
male,7,14,4.376821276
female,10,12,4.3711752217
male,5,12,4.3695275868
male,7,11,4.3649249339
female,6,11,4.3595187544
female,13,7,4.3551635908
female,10,10,4.3526834293
male,5,10,4.3517822526
male,7,10,4.3498524157
female,6,11,4.3456127935
male,6,8,4.342790967
male,6,13,4.342790967
male,9,10,4.338846561
female,7,11,4.3378615788
female,6,9,4.3366309798
male,12,9,4.3342253043
male,8,12,4.3329433684
female,7,13,4.3240720404
female,1,13,4.32211101
male,8,12,4.3203476028
male,13,8,4.3169250935
female,9,12,4.3162052915
male,7,10,4.3126326964
female,9,12,4.3126326964
male,7,11,4.3074221051
female,11,12,4.3051584629
male,9,12,4.303666724
male,16,5,4.303666724
female,9,12,4.303666724
female,15,6,4.303666724
male,9,13,4.2951310899
male,8,13,4.2914577404
female,7,11,4.2874352919
male,8,12,4.2871141597
male,8,11,4.2871141597
male,7,10,4.2871141597
male,6,9,4.2871141597
male,6,10,4.2871141597
male,5,11,4.2871141597
male,4,12,4.2871141597
male,11,12,4.2871141597
male,10,12,4.2871141597
female,9,13,4.2871141597
female,9,12,4.2871141597
female,9,12,4.2871141597
female,8,11,4.2871141597
female,7,9,4.2871141597
female,7,11,4.2871141597
female,4,12,4.2871141597
female,12,11,4.2871141597
female,11,12,4.2871141597
female,10,14,4.2871141597
female,9,12,4.2862898732
female,3,11,4.2843677701
male,8,8,4.2819675641
female,10,12,4.2819675641
male,10,12,4.281637471
female,7,11,4.2788855337
male,8,13,4.2747830548
female,9,11,4.2747830548
female,6,11,4.2704850689
male,7,12,4.2690527826
female,8,11,4.2685163571
male,9,9,4.2652411283
male,9,10,4.2564919157
male,6,11,4.2540190812
male,11,10,4.2510879903
male,9,12,4.2462845011
male,4,15,4.2462845011
female,8,11,4.2462845011
female,2,12,4.2441080354
female,9,13,4.241819428
male,12,11,4.2392191358
male,8,12,4.2389124794
male,7,10,4.2356952629
male,6,12,4.2314373525
male,9,10,4.2274956316
male,7,11,4.2255275238
male,7,11,4.220026558
female,9,12,4.2194335602
male,11,10,4.2150618209
female,9,11,4.2111912407
female,9,12,4.2099461049
male,9,12,4.2091449865
female,8,13,4.2062252133
male,4,12,4.2019792599
male,8,10,4.199622034
male,8,13,4.1904123366
male,11,9,4.1904123366
female,7,15,4.1878493932
female,8,16,4.184513117
female,8,12,4.1739362723
male,7,10,4.1728931896
male,5,13,4.1721135927
male,7,12,4.1704579921
female,8,10,4.1704579921
male,7,12,4.1690793283
male,11,12,4.1646251837
female,9,11,4.1646251837
male,9,12,4.1618413434
male,8,11,4.1596256337
male,8,11,4.1596256337
female,8,12,4.1588421783
female,8,13,4.1571449409
female,6,12,4.1571268721
male,7,7,4.1539739684
male,7,12,4.1539739684
female,8,10,4.1539739684
female,8,13,4.1521686777
male,10,9,4.1513954619
female,9,12,4.1513954619
male,7,10,4.1467622081
female,7,12,4.1449631789
female,11,12,4.1449631789
male,8,10,4.1433700058
male,9,11,4.1340029397
male,8,10,4.1340029397
female,9,11,4.1340029397
female,8,10,4.1340029397
female,7,11,4.1340029397
female,4,12,4.1340029397
female,10,12,4.1340029397
male,6,12,4.1315200551
male,7,12,4.1226063117
male,7,14,4.1218216512
female,8,12,4.1159462046
male,7,11,4.1141335448
female,9,11,4.112255435
male,10,12,4.1093075817
female,5,12,4.1082473888
female,5,12,4.1040120822
male,5,12,4.1033806957
female,8,11,4.1030049627
male,8,11,4.1010393572
male,9,12,4.0996895417
male,16,8,4.0991360283
female,7,11,4.0969726104
male,6,11,4.0946314832
male,10,8,4.0946314832
male,8,12,4.0943318394
male,11,9,4.0904575469
female,8,12,4.0904575469
male,14,8,4.0899572463
male,13,11,4.0884833878
female,9,12,4.0882629884
male,8,10,4.0880378737
female,7,12,4.0873326748
female,6,12,4.0867082732
male,10,9,4.0846023257
male,9,10,4.0829658664
male,6,12,4.0829658664
male,6,12,4.0829658664
male,5,12,4.0829658664
female,7,11,4.0829658664
female,4,11,4.0829658664
female,8,12,4.0783344424
male,6,11,4.0734705969
female,9,12,4.0727584517
male,12,7,4.0725234985
female,8,12,4.069921247
male,6,11,4.0693559802
female,12,11,4.0693559802
female,9,12,4.0621344079
female,8,12,4.0589484201
male,11,10,4.0483644608
female,3,13,4.0429136911
female,7,11,4.0420289181
male,13,9,4.0385858026
male,10,7,4.0355396525
female,6,12,4.0312827542
male,8,11,4.0300385311
male,10,10,4.0289830291
male,10,10,4.0280959694
male,7,12,4.0256208402
female,9,12,4.0227958431
female,8,10,4.0194110759
female,4,11,4.0185657739
male,9,11,4.0180587633
male,9,12,4.0167556091
female,6,12,4.0146689828
female,8,12,4.0143445913
male,9,11,4.0087301234
female,9,12,4.0087301234
male,10,11,4.0059287746
female,10,12,4.0059287746
male,7,12,4.0041299741
male,8,14,3.9996400324
male,6,10,3.9933710041
male,10,12,3.9925281725
female,8,12,3.9851788339
female,9,10,3.9844492637
male,9,12,3.9808917197
male,9,11,3.9808917197
male,8,12,3.9808917197
male,8,10,3.9808917197
male,7,14,3.9808917197
male,6,9,3.9808917197
male,4,9,3.9808917197
male,13,9,3.9808917197
male,13,8,3.9808917197
male,12,12,3.9808917197
male,11,8,3.9808917197
male,11,13,3.9808917197
male,10,9,3.9808917197
male,10,10,3.9808917197
female,9,12,3.9808917197
female,9,12,3.9808917197
female,9,10,3.9808917197
female,8,12,3.9808917197
female,8,12,3.9808917197
female,8,12,3.9808917197
female,8,12,3.9808917197
female,8,10,3.9808917197
female,7,11,3.9808917197
female,6,12,3.9808917197
female,4,14,3.9808917197
female,3,15,3.9808917197
female,13,11,3.9808917197
female,12,9,3.9808917197
female,12,12,3.9808917197
female,12,12,3.9808917197
female,11,10,3.9808917197
female,10,13,3.9808917197
female,10,12,3.9808917197
female,10,10,3.9808917197
male,9,12,3.976910828
female,7,11,3.9709093713
female,4,12,3.9705517413
male,4,10,3.970443185
male,6,12,3.9676661659
male,10,10,3.9667248453
male,9,10,3.9664307742
male,10,8,3.9662420382
female,8,10,3.9612989641
female,10,11,3.9602653378
female,9,10,3.954644082
male,5,12,3.9512572901
female,7,12,3.9502694757
female,9,11,3.9479917882
female,7,11,3.9472503813
female,9,12,3.9439174932
female,8,12,3.9439174932
male,9,10,3.9398515989
male,5,12,3.9374638101
male,8,14,3.9371456569
female,11,13,3.9352151157
female,9,12,3.9347810048
female,8,12,3.9317449084
male,15,9,3.9291918273
female,8,12,3.928280816
male,9,11,3.9277040606
male,9,15,3.9196472317
male,10,12,3.9196472317
female,8,12,3.9196472317
female,4,11,3.9196472317
female,11,12,3.9196472317
male,11,11,3.9156311997
female,6,12,3.9156311997
male,8,12,3.9129584139
male,10,12,3.9057805552
female,7,12,3.9028350194
male,7,8,3.8996490316
male,3,11,3.8996490316
female,10,13,3.8996490316
female,10,12,3.8996490316
female,11,12,3.8964682412
female,2,11,3.8956738542
female,11,12,3.8947576562
female,7,15,3.8901222017
male,9,12,3.8837967998
male,10,12,3.8781215
female,6,12,3.8770423705
female,6,11,3.8743471725
male,9,11,3.8680729261
male,12,9,3.8663336846
male,10,7,3.8663336846
female,5,10,3.8602586373
female,7,11,3.8572003061
male,9,12,3.8512812917
female,10,12,3.8496535312
male,6,12,3.843502877
male,8,11,3.8370040672
male,5,12,3.8346814635
male,5,10,3.8299033167
male,9,12,3.8277804998
male,10,9,3.8277804998
male,10,12,3.8277804998
female,9,12,3.8277804998
female,9,11,3.8277804998
female,8,12,3.8277804998
female,7,12,3.8277804998
female,6,11,3.8277804998
male,7,11,3.821656051
female,9,13,3.821656051
female,6,12,3.821656051
female,12,10,3.821656051
female,10,12,3.821656051
male,8,10,3.8191099776
female,7,11,3.81860117
female,11,11,3.8176374852
male,10,9,3.814027995
female,6,11,3.810768142
male,11,5,3.8026428368
male,8,11,3.7988628737
female,6,10,3.7969757088
female,12,12,3.7945521073
male,7,13,3.7913254474
male,6,9,3.7913254474
male,10,11,3.7913254474
female,9,10,3.7913254474
female,4,9,3.7913254474
female,10,12,3.7913254474
male,8,10,3.7898089172
female,7,13,3.7809382544
female,8,12,3.7784734967
female,8,14,3.7733570803
female,8,12,3.7705169035
male,7,10,3.768891569
female,9,12,3.768891569
male,9,11,3.7671768776
male,11,12,3.7665360118
male,5,12,3.7659204286
female,8,10,3.7637521714
female,7,13,3.7555582262
male,6,9,3.7512557714
male,7,12,3.7467216186
female,9,9,3.7467216186
female,8,11,3.7467216186
male,6,11,3.7454626395
female,7,13,3.7436630703
female,8,11,3.7359137678
male,8,11,3.7349518125
male,9,13,3.7309200747
female,7,11,3.7288588471
male,2,12,3.7284449278
male,9,12,3.7273753796
male,11,12,3.7111463594
female,11,12,3.7103456805
male,6,11,3.7052915238
male,10,10,3.7031550881
female,7,12,3.7031550881
female,7,12,3.7031550881
female,7,13,3.694563081
male,11,12,3.6941119744
female,7,10,3.6938917385
male,5,12,3.6860108516
male,14,9,3.6761120239
male,9,12,3.6746692798
male,9,11,3.6746692798
male,9,10,3.6746692798
male,8,11,3.6746692798
male,7,11,3.6746692798
male,7,10,3.6746692798
male,6,9,3.6746692798
male,6,11,3.6746692798
male,12,12,3.6746692798
male,11,9,3.6746692798
male,10,11,3.6746692798
male,10,11,3.6746692798
female,9,9,3.6746692798
female,9,13,3.6746692798
female,9,12,3.6746692798
female,9,11,3.6746692798
female,9,10,3.6746692798
female,9,10,3.6746692798
female,8,14,3.6746692798
female,8,12,3.6746692798
female,8,12,3.6746692798
female,8,11,3.6746692798
female,7,9,3.6746692798
female,7,12,3.6746692798
female,6,11,3.6746692798
female,6,10,3.6746692798
female,5,12,3.6746692798
female,5,11,3.6746692798
female,4,12,3.6746692798
female,10,14,3.6746692798
female,10,12,3.6746692798
female,10,12,3.6746692798
female,10,12,3.6746692798
female,10,10,3.6746692798
female,7,13,3.6676161717
male,6,11,3.6559209671
male,12,12,3.6557416234
female,11,13,3.651263743
male,7,10,3.6491507431
female,7,12,3.6428749569
female,11,11,3.6421699174
male,12,9,3.6419848008
male,9,10,3.6396724295
male,4,8,3.6396724295
female,7,13,3.6396724295
female,12,9,3.6316906917
female,6,14,3.6307807216
male,9,8,3.6293029924
male,15,8,3.6189924725
male,9,10,3.6131270066
female,10,12,3.6121512769
male,7,12,3.6087403692
female,8,9,3.6059544142
female,8,14,3.6053358971
female,7,11,3.6053358971
male,8,11,3.5985461873
male,5,14,3.5985461873
male,9,11,3.595644134
male,6,14,3.595644134
male,9,9,3.5934706638
female,5,11,3.5923014217
male,7,15,3.5884094375
female,12,12,3.5850431998
male,10,10,3.5840825773
female,9,12,3.5840825773
male,10,14,3.5828025478
male,13,6,3.5812037961
male,8,12,3.5783296357
female,3,12,3.5783296357
female,10,10,3.574678279
male,9,12,3.5739561217
male,9,13,3.5713791194
male,15,4,3.5649776595
male,8,10,3.5605491158
male,10,11,3.5583389674
female,9,13,3.5521803038
female,11,11,3.5521803038
female,3,12,3.5498397501
female,6,10,3.5486806187
female,10,12,3.5484271597
male,8,12,3.5454214735
male,9,11,3.5451354833
female,6,9,3.5433038299
male,5,12,3.5385704176
female,6,9,3.5385704176
female,6,13,3.5385704176
female,10,12,3.5385704176
male,14,7,3.5361147823
female,9,12,3.5336625529
female,9,15,3.5276825086
female,8,13,3.5265974017
female,8,12,3.5262163064
female,3,11,3.5240680798
male,8,10,3.5168613966
female,8,11,3.5125515174
female,8,13,3.5107076584
male,8,12,3.5102051236
female,8,12,3.5092098468
male,11,12,3.5031847134
female,6,12,3.4996850283
male,5,11,3.4920102805
male,11,12,3.4909358158
male,12,8,3.4821467435
female,5,10,3.4805610664
male,6,12,3.4702176457
female,6,10,3.467443374
male,6,10,3.4663546947
female,9,11,3.4634552551
female,9,12,3.4616449737
female,6,11,3.4616449737
male,11,9,3.4551135681
female,11,12,3.4507052379
female,4,11,3.4501061571
male,9,13,3.4491480604
female,13,10,3.4450024498
male,8,11,3.4351964503
male,7,12,3.434494817
male,8,11,3.4286769263
female,9,10,3.4253853598
female,5,12,3.4198264438
female,9,12,3.4066626062
male,3,9,3.4020677011
female,10,10,3.4011502072
female,6,11,3.3924120742
female,9,12,3.387992953
female,8,12,3.3868201862
male,8,14,3.3862775135
male,7,12,3.3843925354
male,6,12,3.3790062343
male,13,8,3.3777263077
female,7,12,3.3777263077
female,7,12,3.3760212464
female,5,11,3.3760212464
male,7,11,3.3736403724
male,6,11,3.3700670643
male,9,9,3.3684468398
male,9,12,3.3684468398
male,7,11,3.3684468398
male,6,13,3.3684468398
male,5,11,3.3684468398
male,10,8,3.3684468398
female,9,13,3.3684468398
female,9,12,3.3684468398
female,8,14,3.3684468398
female,8,12,3.3684468398
female,8,12,3.3684468398
female,8,11,3.3684468398
female,8,11,3.3684468398
female,7,12,3.3684468398
female,7,11,3.3684468398
female,6,11,3.3684468398
female,5,12,3.3684468398
female,3,10,3.3684468398
female,12,12,3.3684468398
female,8,12,3.3665046256
male,10,11,3.3649801707
male,9,12,3.3641338477
male,2,13,3.3641338477
female,8,11,3.3616418967
female,10,8,3.3602487587
male,14,10,3.3587711521
male,9,12,3.3544069014
male,7,12,3.3523298693
female,6,12,3.3523298693
female,4,9,3.3523298693
female,9,12,3.3463256964
female,9,12,3.3458078267
male,9,9,3.3406084361
male,9,11,3.3406084361
female,5,10,3.3401218217
male,8,11,3.3352773235
female,9,12,3.334778404
male,8,12,3.3328395793
male,13,11,3.330754134
female,9,11,3.3291528099
male,7,13,3.3289686855
male,8,10,3.3273124822
male,10,12,3.3188502396
male,6,11,3.3174097665
male,9,12,3.3121019108
male,9,13,3.3116603561
male,9,12,3.3113227761
female,8,14,3.3093661681
male,6,12,3.3075658206
male,7,11,3.3036445807
male,4,12,3.3011713656
male,7,10,3.2996835316
female,4,11,3.2938447178
female,7,13,3.2920013231
female,8,12,3.2899931568
female,8,9,3.2842356688
female,9,12,3.2832096658
male,8,12,3.2812198417
male,8,12,3.2801680001
female,8,13,3.2764540903
female,3,9,3.2729404666
female,3,15,3.2685216225
female,11,12,3.2678961879
male,7,9,3.2663726931
male,5,15,3.2663726931
male,13,9,3.2663726931
male,10,7,3.2663726931
female,9,12,3.2663726931
male,9,11,3.2587764776
male,8,12,3.2587764776
female,6,12,3.2587764776
female,6,10,3.2570932252
male,11,11,3.256353145
female,5,10,3.256353145
male,10,12,3.2527248964
male,9,10,3.2519960527
male,8,12,3.2497075263
female,6,11,3.2459578638
male,9,10,3.2449772388
female,5,9,3.2449772388
male,10,10,3.2447410859
male,15,8,3.2393778775
female,8,13,3.2386915686
male,5,12,3.2364973331
female,11,12,3.2344745223
female,7,11,3.2250262033
female,11,12,3.2235513438
female,8,10,3.2218890183
male,9,15,3.2168821978
female,8,10,3.2168821978
female,9,12,3.2153356198
female,10,12,3.2153356198
female,10,9,3.2148526191
male,9,12,3.2143846184
male,7,11,3.2094010764
male,8,11,3.1980385364
male,8,13,3.1919678482
female,6,10,3.1890620968
female,9,10,3.1867050665
male,7,11,3.1847133758
male,13,8,3.1847133758
female,8,14,3.1847133758
female,7,12,3.1847133758
female,3,12,3.1847133758
female,15,7,3.1847133758
female,10,13,3.1847133758
male,9,12,3.1800022613
female,7,12,3.1790365249
female,11,12,3.1756401183
female,9,12,3.1743397166
female,5,14,3.1649325474
female,9,11,3.1563066162
female,4,10,3.1551339946
female,6,12,3.15466891
male,11,12,3.1531815602
female,8,11,3.1531815602
female,5,13,3.1483858468
male,7,10,3.1453959267
female,8,9,3.1453959267
female,14,7,3.1450896164
female,8,12,3.1429922399
female,6,11,3.1428092524
female,4,10,3.1376486461
male,8,11,3.1222680155
male,10,9,3.1222680155
female,6,12,3.1222680155
female,11,12,3.1222680155
female,11,13,3.116157902
male,6,11,3.1154804763
female,9,12,3.1154804763
female,8,10,3.1154804763
female,4,11,3.1131118043
male,7,12,3.1120977614
male,10,12,3.1100716561
male,4,11,3.1070374398
female,10,12,3.1070374398
female,10,12,3.1070374398
female,10,8,3.0944583409
female,10,12,3.0896473049
male,9,11,3.0819806863
male,12,9,3.0761436016
male,5,14,3.0755319901
male,11,12,3.0707474896
female,8,12,3.0696032538
male,9,12,3.0622243998
male,7,12,3.0622243998
male,7,10,3.0622243998
male,7,10,3.0622243998
male,4,10,3.0622243998
male,12,10,3.0622243998
male,11,13,3.0622243998
male,11,12,3.0622243998
male,11,10,3.0622243998
male,10,12,3.0622243998
female,9,12,3.0622243998
female,9,10,3.0622243998
female,8,9,3.0622243998
female,8,12,3.0622243998
female,8,10,3.0622243998
female,7,12,3.0622243998
female,7,12,3.0622243998
female,7,12,3.0622243998
female,7,11,3.0622243998
female,7,10,3.0622243998
female,6,12,3.0622243998
female,5,12,3.0622243998
female,5,11,3.0622243998
female,4,11,3.0622243998
female,3,11,3.0622243998
female,13,7,3.0622243998
female,12,9,3.0622243998
female,12,7,3.0622243998
female,11,12,3.0622243998
female,10,13,3.0622243998
female,10,12,3.0622243998
male,9,11,3.060385226
female,11,13,3.0547250747
female,8,11,3.0534164677
female,10,12,3.0510340489
female,6,12,3.0504291651
female,7,12,3.0421142694
male,8,10,3.0399536769
female,7,12,3.0350959689
female,6,14,3.0330603579
female,11,9,3.0330603579
female,8,11,3.0293615038
female,8,15,3.0219907946
female,9,11,3.0170968823
female,10,12,3.0115492915
male,9,12,3.0013005636
female,4,11,3.0009799118
female,6,13,2.9985152513
male,6,11,2.9973772949
female,7,14,2.9973772949
male,11,12,2.9941749687
male,8,11,2.9936305732
female,8,13,2.9903411979
female,6,13,2.9890654551
male,5,9,2.9875359998
male,9,9,2.9869834832
female,7,12,2.9856687898
female,4,12,2.9856687898
female,11,12,2.9856687898
female,8,11,2.9785089126
female,5,8,2.9785089126
female,5,11,2.9711611669
male,8,10,2.969429721
male,7,12,2.9675738274
male,8,10,2.9652824728
male,12,11,2.9625240705
male,3,12,2.9488086813
female,7,12,2.9488086813
female,6,11,2.9488086813
female,6,10,2.9433580183
female,7,11,2.9430716994
male,7,14,2.9332886356
male,15,8,2.9322169189
female,11,12,2.9292202741
female,6,11,2.9239908577
female,7,11,2.9236712958
female,6,12,2.9217553906
female,6,12,2.9200810322
female,5,12,2.9200810322
female,8,14,2.9193205945
female,8,12,2.915582668
female,6,15,2.9125701065
male,11,12,2.9117379436
female,4,10,2.9098903941
male,10,8,2.9091131798
male,10,12,2.9091131798
female,9,12,2.9091131798
male,9,11,2.9047966114
female,4,12,2.9034423939
female,9,10,2.9013278635
female,9,11,2.9010546946
female,5,11,2.8999440912
male,13,8,2.895193978
female,3,14,2.895193978
female,10,8,2.895193978
female,4,10,2.8919077192
male,11,9,2.8886289123
female,7,14,2.8847041447
female,8,9,2.8810907366
female,12,12,2.8784909358
female,11,12,2.8708353748
female,6,12,2.87054786
male,9,9,2.8697417232
female,9,12,2.8662420382
female,16,8,2.8640234285
female,9,12,2.8626637086
female,6,12,2.8576690311
male,4,10,2.8562451801
male,6,9,2.8478686918
male,11,10,2.8467855899
female,9,11,2.8466711739
female,8,13,2.8365868125
female,3,12,2.8351910828
male,10,11,2.8266686767
female,9,12,2.8266686767
female,8,11,2.8251489624
female,9,12,2.8221056189
male,8,12,2.8204103697
female,8,11,2.8201186031
female,6,12,2.8172464478
male,10,9,2.8155619236
male,6,10,2.8152162438
male,11,10,2.8141797135
female,11,12,2.8100412139
female,10,12,2.8070390332
female,8,11,2.8034448731
female,8,12,2.7997480227
female,4,14,2.7981630204
male,4,11,2.7936082244
male,8,9,2.7895299642
female,8,12,2.7890079713
male,8,10,2.7874952961
female,7,11,2.7811709275
male,6,14,2.7793862189
female,9,11,2.7793862189
female,8,12,2.7773663161
male,13,9,2.7751399344
female,1,12,2.7746776749
male,8,12,2.769315979
female,7,14,2.7639749645
male,4,11,2.7613121755
female,8,11,2.7613121755
male,14,9,2.7573275981
male,9,10,2.7560019598
male,7,11,2.7560019598
male,6,11,2.7560019598
male,5,10,2.7560019598
male,12,6,2.7560019598
male,12,10,2.7560019598
female,9,8,2.7560019598
female,7,13,2.7560019598
female,7,12,2.7560019598
female,7,12,2.7560019598
female,5,10,2.7560019598
female,5,10,2.7560019598
female,11,12,2.7560019598
female,11,11,2.7560019598
female,10,9,2.7560019598
female,10,12,2.7560019598
female,6,12,2.7522214359
female,9,10,2.7513722469
female,10,12,2.7408197434
female,6,13,2.7375759677
female,7,12,2.7322228697
female,7,12,2.7186577598
female,4,13,2.7186577598
female,8,13,2.7173322319
female,12,10,2.7052941579
female,8,12,2.7014275422
female,6,12,2.6951029979
female,10,12,2.6832904188
male,6,15,2.6818638954
male,9,12,2.6807351648
male,9,9,2.6724867489
female,8,12,2.6710499281
male,6,12,2.6670013492
female,6,12,2.6650321136
female,6,10,2.6628038259
male,5,14,2.6613203697
female,9,7,2.6589637293
female,8,12,2.6580810648
male,6,12,2.6539278132
male,3,11,2.6539278132
female,6,9,2.6539278132
female,8,10,2.6476239466
female,3,11,2.6444832302
female,10,11,2.6429156646
male,13,8,2.6423386087
male,7,11,2.6407241922
male,11,12,2.6329406054
male,6,10,2.6305451893
female,8,12,2.6265677326
female,9,11,2.6211632723
male,12,10,2.6175726376
female,2,12,2.6154650912
male,8,8,2.6152928058
male,11,11,2.6028907398
female,10,9,2.6028907398
female,9,10,2.5971548023
male,6,11,2.5922085617
male,7,10,2.5905504326
male,7,12,2.5875796178
male,7,13,2.585693664
male,9,11,2.5849946232
female,10,8,2.5830213449
male,11,12,2.5802075961
female,6,12,2.578715284
female,8,12,2.5735057582
male,8,12,2.5697342412
female,2,12,2.5683172385
female,4,11,2.5660999863
female,7,12,2.564181462
female,7,12,2.562413061
female,5,13,2.5605735685
male,5,9,2.5578012939
male,10,8,2.5477707006
female,8,12,2.5477707006
female,7,14,2.5477707006
female,5,9,2.5477707006
female,10,10,2.5477707006
male,9,9,2.5409947147
male,8,12,2.5376202198
male,4,8,2.5332947307
female,7,12,2.5332947307
male,2,11,2.5325752491
male,11,10,2.5320159348
female,2,11,2.5297811458
male,9,12,2.5294578834
male,7,10,2.5275502983
male,10,12,2.526731791
female,8,14,2.5225452482
female,4,11,2.5186661144
female,4,11,2.516896767
female,9,12,2.5150747292
male,7,10,2.5142474019
male,12,8,2.5110240078
female,11,12,2.5077992981
female,6,12,2.5022747953
male,4,10,2.4880573248
female,7,11,2.4880573248
female,6,11,2.4811139091
female,9,11,2.4804017638
male,2,14,2.4674038329
male,11,12,2.465584549
female,3,11,2.4581835662
female,11,12,2.4566932908
female,4,12,2.4560771536
male,9,13,2.4497795198
male,8,9,2.4497795198
male,6,14,2.4497795198
male,10,11,2.4497795198
female,9,10,2.4497795198
female,9,10,2.4497795198
female,8,12,2.4497795198
female,8,11,2.4497795198
female,7,11,2.4497795198
female,6,9,2.4497795198
female,5,12,2.4497795198
female,5,11,2.4497795198
female,4,11,2.4497795198
female,10,11,2.4497795198
male,7,11,2.4454049136
male,6,11,2.4430677951
male,8,14,2.4419527482
female,8,12,2.441729861
female,4,9,2.4250048311
female,8,14,2.4181574607
female,9,13,2.4146942192
female,3,15,2.4126616483
female,9,12,2.4115017148
female,9,12,2.4035572648
male,6,12,2.3945213352
female,3,14,2.3945213352
female,8,13,2.3891985138
male,4,10,2.3885350318
female,5,11,2.3885350318
female,15,8,2.3885350318
female,10,12,2.3873413612
female,10,11,2.3828757021
male,3,12,2.3810941127
female,7,12,2.3810941127
female,8,12,2.370754374
female,3,10,2.3700192564
female,9,12,2.365304364
male,12,10,2.3645203718
male,9,12,2.359046945
female,6,11,2.3530366343
male,6,10,2.3451497613
male,4,12,2.3437284584
male,9,12,2.3382623905
male,7,10,2.3371184265
female,8,12,2.3331233522
female,6,10,2.3306841224
female,5,11,2.3302780799
female,3,9,2.3272905439
female,6,14,2.3246083035
female,7,11,2.3221868365
male,3,11,2.3189660503
female,5,12,2.3189660503
male,7,12,2.3161551824
male,6,13,2.3161551824
female,7,10,2.3161551824
female,5,9,2.3109031298
male,9,7,2.3094368207
male,9,12,2.2966682999
female,6,12,2.2966682999
female,5,12,2.2845863528
female,5,12,2.2798842959
male,9,12,2.2781854253
male,8,13,2.2768281507
male,7,10,2.2747952684
female,5,9,2.2747952684
female,5,10,2.2747952684
female,10,12,2.2747952684
female,4,11,2.2707006369
female,8,11,2.2579449331
female,7,14,2.2568834947
male,4,11,2.2500692329
female,7,12,2.2480329712
female,3,12,2.2456312265
female,8,10,2.2442611037
female,5,11,2.2427558984
male,6,12,2.2419664736
female,9,12,2.2292993631
female,9,6,2.211606511
female,10,12,2.211606511
male,10,11,2.2058620785
male,9,12,2.2037420765
female,11,12,2.1963540523
male,7,13,2.1826696033
female,6,12,2.1755157785
male,7,10,2.1713954835
female,6,10,2.1710424111
female,8,12,2.1638797429
female,4,11,2.1615701646
female,3,12,2.148204638
male,9,12,2.1435570799
male,8,10,2.1435570799
male,7,8,2.1435570799
male,7,10,2.1435570799
male,6,12,2.1435570799
male,5,13,2.1435570799
female,9,9,2.1435570799
female,9,8,2.1435570799
female,9,10,2.1435570799
female,8,14,2.1435570799
female,8,10,2.1435570799
female,3,12,2.1435570799
female,12,8,2.1435570799
female,9,12,2.1373915274
male,9,11,2.1362886422
male,9,8,2.1254093538
male,7,10,2.1231422505
female,7,13,2.1231422505
male,10,12,2.1149175711
female,4,12,2.113079965
male,5,10,2.1055956204
female,10,12,2.1021210401
female,9,14,2.0940581101
male,6,8,2.0769869842
male,11,10,2.0747318409
male,7,11,2.0679956986
male,5,9,2.0603506128
male,8,14,2.0489883852
female,6,9,2.0489723207
male,9,9,2.0486460312
male,9,10,2.0445073524
male,9,12,2.0414829332
female,6,10,2.0220402386
male,4,12,2.0080159999
male,8,11,2.0061186619
male,12,10,2.0029643873
male,10,11,2.0029643873
female,10,11,1.995434446
male,4,12,1.9935607986
female,5,12,1.9904458599
female,3,10,1.9904458599
female,7,10,1.9833624226
female,8,12,1.9819297555
female,6,8,1.9798395764
female,6,12,1.9780828421
male,5,11,1.9730210813
female,7,11,1.9658158823
male,8,9,1.9617459539
female,7,12,1.9610304038
female,6,12,1.9598236159
male,8,9,1.9359959731
male,3,12,1.9337918031
male,10,7,1.9324717086
female,3,10,1.9301293187
female,8,11,1.9231360965
female,5,12,1.9200974615
female,8,10,1.9183214687
male,10,10,1.905384071
female,7,12,1.9035068453
male,9,10,1.8947028945
female,7,11,1.887237556
female,8,10,1.8761644785
male,12,8,1.8699983668
female,9,14,1.8624054829
female,6,11,1.858782126
male,14,8,1.8515775441
female,6,10,1.8439200687
female,5,11,1.8423961678
female,4,11,1.8387490622
male,7,8,1.8373346399
female,7,10,1.8366282444
female,7,10,1.835569669
male,4,9,1.8312101911
female,8,12,1.8219184072
female,7,11,1.8115548213
female,8,10,1.8094962362
female,5,11,1.8063296178
male,9,10,1.797822067
female,3,11,1.7975804567
male,7,12,1.7860773894
female,7,11,1.7777506882
female,8,8,1.7646227374
male,7,11,1.7515923567
female,8,13,1.7498425142
female,8,10,1.7498425142
male,9,12,1.7416401274
female,6,12,1.7402805332
male,2,11,1.7296474546
female,5,12,1.7292561317
female,8,10,1.7284740167
female,5,12,1.7249894352
female,2,11,1.7122114924
female,3,10,1.7095431108
female,7,10,1.7085372188
female,7,12,1.707621113
female,9,12,1.6939964765
female,3,8,1.6761649346
male,9,11,1.6703042181
male,7,12,1.6634305382
female,8,13,1.6543965589
female,8,10,1.65296542
male,3,11,1.6472655392
female,8,13,1.6379755552
male,12,11,1.6359828985
male,3,11,1.6331863466
female,6,10,1.6331863466
female,11,12,1.6331863466
male,12,10,1.6326281831
female,13,9,1.6211776234
female,5,12,1.6193457843
male,7,11,1.6147842469
male,4,11,1.6116970525
male,9,9,1.6003584803
female,5,9,1.5976822955
male,5,10,1.5923566879
female,8,12,1.5923566879
female,8,10,1.5923566879
female,6,12,1.5923566879
male,9,11,1.5833092067
female,8,9,1.5824662737
female,5,11,1.5696087352
male,10,10,1.5611340077
female,10,14,1.5596049832
female,7,12,1.5589506035
female,8,10,1.5519415435
female,9,12,1.5329546935
male,11,8,1.5250024146
male,4,8,1.516530179
female,3,12,1.4928343949
female,8,11,1.486839076
male,6,13,1.4861995754
female,5,8,1.4812620353
female,3,8,1.4812620353
female,11,8,1.4764708912
female,4,12,1.4519969798
female,6,8,1.4461679693
male,6,10,1.4421343589
male,8,11,1.4361728865
male,7,12,1.4329641367
male,7,11,1.42620393
female,10,12,1.3965454899
male,5,14,1.3846579895
male,8,10,1.3780009799
male,9,12,1.3673188018
female,9,12,1.3551971812
female,8,10,1.3504084986
female,5,12,1.3456535391
female,7,12,1.3339113616
male,6,9,1.3269639066
male,10,9,1.3132838663
male,6,10,1.3099078152
female,9,12,1.3054079864
male,6,11,1.2962342161
male,6,12,1.2550594584
female,7,14,1.2489072062
female,6,12,1.2248897599
female,7,14,1.2237382772
female,7,12,1.2208649305
female,7,12,1.2156505914
female,4,12,1.2132241432
female,11,12,1.1961364792
female,8,9,1.1942675159
female,5,9,1.1927765452
female,4,11,1.1921386968
female,6,13,1.1905470564
female,5,11,1.1857975335
female,6,13,1.185377187
female,9,12,1.1708505058
female,6,9,1.1450654834
female,4,12,1.1362041425
female,5,12,1.1342814763
male,9,10,1.0944032219
male,10,11,1.0927938054
female,7,12,1.0919017288
male,8,9,1.0881708573
male,7,10,1.0734988907
male,5,12,1.070491891
female,6,13,1.0686957637
male,7,8,1.0669056535
male,9,9,1.0484653089
male,9,12,1.0424593701
male,12,8,1.0411562959
male,8,11,1.0328800138
male,13,8,1.0317059529
female,9,12,1.0261854211
female,3,10,1.0191082803
female,6,12,1.0158575361
female,6,12,1.0070239923
male,4,10,1.0049056142
male,3,10,0.9829362271
female,7,14,0.9621490561
female,6,12,0.9312027415
female,4,11,0.9295483203
female,9,10,0.9186673199
female,11,12,0.91121985
female,11,9,0.9080649137
male,8,15,0.8912444149
male,8,10,0.8685581934
male,6,12,0.8319522925
male,10,10,0.8261253893
male,8,10,0.8165931733
female,4,11,0.8165931733
male,6,9,0.8138109137
female,8,11,0.7852717913
female,5,11,0.7799298063
male,3,8,0.77675936
female,10,14,0.7729886834
female,6,11,0.7655561
male,7,12,0.7625370055
female,5,14,0.7511116452
male,8,14,0.734933856
female,9,11,0.7293236738
female,7,12,0.6898296121
male,7,10,0.6832657788
female,7,12,0.6824385805
female,6,12,0.6798238733
female,6,12,0.6757069139
female,9,12,0.6687062206
female,4,11,0.6617586235
female,6,14,0.6144141561
female,10,5,0.6031654121
female,3,13,0.5941629432
female,5,11,0.5541041106
female,3,9,0.5514655196
female,8,11,0.551200392
male,8,9,0.5258194897
male,8,11,0.5250970117
female,9,12,0.5197900048
female,5,10,0.5188942364
female,5,10,0.5186829602
male,7,10,0.5047089344
female,5,12,0.4747398821
male,9,9,0.4697217368
female,9,10,0.4496065942
female,14,7,0.4447923709
female,11,8,0.4386814489
female,6,13,0.428711416
female,11,12,0.4258112592
male,7,11,0.4246284501
female,11,11,0.4246284501
male,10,12,0.4152168678
male,5,10,0.3990868892
male,8,9,0.3538570418
male,10,12,0.3382370661
female,4,9,0.3249707526
male,5,12,0.3184713376
female,8,12,0.2813351039
female,2,10,0.2713280831
male,16,6,0.231447193
female,8,10,0.22966683
male,7,11,0.2211606511
female,7,11,0.2123142251
male,11,9,0.1846210653
male,9,11,0.1534801627
female,8,12,0.1028907398
female,6,8,0.0979911808
female,9,11,0.07655561
gender,yearsExperience,yearsSchool,wage
